Video: LI="625": 0
InitMPEG 4 5 - D000C6 D000E2 - D008DE D000C6
Starting FMV
playMpeg /cd/VIDEO01.RTF 0 - 1 1
fdrvs1_static: dfa930
dma_adr 80004040
fma_dclk_adr e03010
MVVV 0 0 10
Started Play /cd/VIDEO01.RTF at d01470
MV2 391
  0  00000000 01 21 0000 b080 01800118 00000000 03000230 00000000 0000 19 0000 00000000 00000000 0100 000f 00000000 00001259 000013ac 0135 0000 01 c420 0e10 0003 0000 ff 0000 0000 03000230 00000000 00000000 1001 001b736d
  1  00000000 01 21 0000 0000 01800118 00000000 03000230 00000000 0000 19 0000 00000000 00000000 0100 000f 00000000 00001259 000013ac 0135 0000 02 c420 0e10 0003 0000 00 0000 0000 03000230 00000000 00000000 1001 00000078
  2  00000000 01 21 0000 0000 01800118 00000000 03000230 00000000 0000 19 0000 00000000 00000000 0100 000f 00000000 00001259 000013ac 0135 0000 03 c420 0e10 0003 0000 00 0008 0000 00840058 00000000 00000000 1001 00000097
  3  00000000 01 21 0000 0000 01800118 00000000 03000230 00000000 0000 19 0000 00000000 00000000 0100 000f 00000000 00001419 000013ac 0135 0000 01 c420 0e10 0003 0000 ff 0000 0000 00840058 00000000 00000000 1001 00000273
  4  00000000 01 21 0000 0000 01800118 00000000 03000230 00000000 0000 19 0000 00000000 00000000 0100 000f 00000000 00001419 000013ac 0135 0000 02 c420 0e10 0003 0000 00 0000 0000 00840058 00000000 00000000 1001 0000007c
  5  00000000 01 21 0000 0000 01800118 00000000 03000230 00000000 0000 19 0000 00000000 00000000 0100 000f 00000000 000014f9 000013ac 0135 0000 03 c420 0e10 0003 0000 00 0000 0000 00840058 00000000 00000000 1001 000000b1
  6  00000000 01 21 0000 0000 01800118 00000000 03000230 00000000 0000 19 0000 00000000 00000000 0100 000f 00000000 000015d9 000013ac 0135 0000 01 c420 0e10 0003 0000 ff 0000 0000 00840058 00000000 00000000 1001 00000256
  7  00000000 01 21 0000 0000 01800118 00000000 03000230 00000000 0000 19 0000 00000000 00000000 0100 000f 00000000 000015d9 000013ac 0135 0000 02 c420 0e10 0003 0000 00 0000 0000 00840058 00000000 00000000 1001 0000007b
  8  00000000 01 21 0000 0000 01800118 00000000 03000230 00000000 0000 19 0000 00000000 00000000 0100 000f 00000000 000016b9 000013ac 0135 0000 03 c420 0e10 0003 0000 00 0000 0000 00840058 00000000 00000000 1001 000000b1
  9  00000000 01 21 0000 0000 01800118 00000000 03000230 00000000 0000 19 0000 00000000 00000000 0100 000f 00000000 00001799 000013ac 0135 0000 04 c420 0e10 0003 0000 ff 0000 0000 00840058 00000000 00000000 1001 00000261
 10  00000000 01 21 0000 0000 01800118 00000000 03000230 00000000 0000 19 0000 00000000 00000000 0100 000f 00000000 00001799 000013ac 0135 0000 05 c420 0e10 0003 0000 00 0000 0000 00840058 00000000 00020002 1001 00000083
 11  00000000 01 21 0000 0000 01800118 00000000 03000230 00000000 0000 19 0000 00000000 00000000 0100 000f 00000000 00001879 000013ac 0135 0000 06 c420 0e10 0003 0000 00 0000 0000 00840058 00020002 00020002 1001 000000b4
 12  00000000 01 21 0000 0000 01800118 00000000 03000230 00000000 0000 19 0000 00000000 00000000 2000 000f 00000000 00001959 000013ac 0135 0000 04 c420 0e10 0003 0000 ff 0000 0000 00840058 00020002 00020002 1001 00000252
 13  00000000 01 21 0000 0000 01800118 00000000 03000230 00000000 0000 19 0000 00000000 00000000 2000 000f 00000000 00001959 000013ac 0135 0000 05 c420 0e10 0003 0000 00 0000 0000 00840058 00020002 00040004 1001 00000081
 14  00000000 01 21 0000 0000 01800118 00000000 03000230 00000000 0000 19 0000 00000000 00000000 0100 000f 00000000 00001a39 000013ac 0135 0000 06 c420 0e10 0003 0000 00 0000 0000 00840058 00040004 00040004 1001 000000b4
 15  00000000 01 21 0000 0000 01800118 00000000 03000230 00000000 0000 19 0000 00000000 00000000 2000 000f 00000000 00001b19 000013ac 0135 0000 04 c420 0e10 0003 0000 ff 0000 0000 00840058 00040004 00040004 1001 0000024e
 16  00000000 01 21 0000 0000 01800118 00000000 03000230 00000000 0000 19 0000 00000000 00000000 2000 000f 00000000 00001b19 000013ac 0135 0000 05 c420 0e10 0003 0000 00 0000 0000 00840058 00040004 00060006 1001 00000081
 17  00000000 01 21 0000 0000 01800118 00000000 03000230 00000000 0000 19 0000 00000000 00000000 0100 000f 00000000 00001bf9 000013ac 0135 0000 06 c420 0e10 0003 0000 00 0000 0000 00840058 00060006 00060006 1001 000000b5
 18  00000000 01 21 0000 0000 01800118 00000000 03000230 00000000 0000 19 0000 00000000 00000000 2000 000f 00000000 00001cd9 000013ac 0135 0000 04 c420 0e10 0003 0000 ff 0000 0000 00840058 00060006 00060006 1001 0000024c
 19  00000000 01 21 0000 0000 01800118 00000000 03000230 00000000 0000 19 0000 00000000 00000000 2000 000f 00000000 00001cd9 000013ac 0135 0000 05 c420 0e10 0003 0000 00 0000 0000 00840058 00060006 00080008 1001 00000081
 20  00000000 01 21 0000 0000 01800118 00000000 03000230 00000000 0000 19 0000 00000000 00000000 0100 000f 00000000 00001db9 000013ac 0135 0000 06 c420 0e10 0003 0000 00 0000 0000 00840058 00080008 00080008 1001 000000b5
 21  00000000 01 21 0000 0000 01800118 00000000 03000230 00000000 0000 19 0000 00000000 00000000 2000 000f 00000000 00001e99 000013ac 0135 0000 04 c420 0e10 0003 0000 ff 0000 0000 00840058 00080008 00080008 1001 0000024d
 22  00000000 01 21 0000 0000 01800118 00000000 03000230 00000000 0000 19 0000 00000000 00000000 2000 000f 00000000 00001e99 000013ac 0135 0000 05 c420 0e10 0003 0000 00 0000 0000 00840058 00080008 000a000a 1001 00000081
 23  00000000 01 21 0000 0000 01800118 00000000 03000230 00000000 0000 19 0000 00000000 00000000 0100 000f 00000000 00001f79 000013ac 0135 0000 06 c420 0e10 0003 0000 00 0000 0000 00840058 000a000a 000a000a 1001 000000b4
 24  00000000 01 21 0000 0000 01800118 00000000 03000230 00000000 0000 19 0000 00000000 00000000 2000 000f 00000000 00002059 000013ac 0135 0000 04 c420 0e10 0003 0000 ff 0000 0000 00840058 000a000a 000a000a 1001 0000024d
 25  00000000 01 21 0000 0000 01800118 00000000 03000230 00000000 0000 19 0000 00000000 00000000 2000 000f 00000000 00002059 000013ac 0135 0000 05 c420 0e10 0003 0000 00 0000 0000 00840058 000a000a 000c000c 1001 00000081
 26  00000000 01 21 0000 0000 01800118 00000000 03000230 00000000 0000 19 0000 00000000 00000000 0100 000f 00000000 00002139 000013ac 0135 0000 06 c420 0e10 0003 0000 00 0000 0000 00840058 000c000c 000c000c 1001 000000b5
 27  00000200 00 0e 0000 b200 01800100 00000000 03000200 00000000 0000 19 0000 00000000 00000000 2000 000f 00000000 00002219 000013ac 0135 0000 04 c420 0e10 0013 0000 ff 0000 0000 00840058 000c000c 000c000c 1972 0000024d
 28  00000200 00 0e 0000 0000 01800100 00000000 03000200 00000000 0000 19 0000 00000000 00000000 2000 000f 00000000 00002219 000013ac 0135 0000 05 c420 0e10 0013 0000 00 0000 0000 00840058 000c000c 000e000e 1972 00000080
 29  00000200 00 0e 0000 0000 01800100 00000000 03000200 00000000 0000 19 0000 00000000 00000000 0100 000f 00000000 000022fa 000013ac 0135 0000 06 c420 0e10 0013 0000 00 000c 0000 00840058 000e000e 000e000e 1972 000000ac
 30  00000200 00 0e 0000 b100 01800100 00000000 03000200 00000000 0000 19 0000 00000000 00000000 2000 000f 00000000 000023da 000013ac 0135 0000 04 c420 0e10 0013 0000 ff 000c 0000 00840058 000e000e 000e000e 5962 00000256
 31  00000200 00 0e 0000 0000 01800100 00000000 03000200 00000000 0000 19 0000 00000000 00000000 2000 000f 00000000 000023da 000013ac 0135 0000 05 c420 0e10 0013 0000 ff 000c 0000 00840058 000e000e 00100010 5962 0000007b
 32  00000200 00 0e 0000 0000 01800100 00000000 03000200 00000000 0000 19 0000 00000000 00000000 0100 000f 00000000 000024b9 000013ac 0135 0000 06 c420 0e10 0013 0000 00 000c 0000 00840058 00100010 00100010 5962 000000b2
 33  00000200 00 0e 0000 0000 01800100 00000000 03000200 00000000 0000 19 0000 00000000 00000000 2000 000f 00000000 0000259a 000013ac 0135 0000 04 c020 0e10 0013 0000 ff 000c 0000 00840058 00100010 00100010 7952 00000256
 34  00000200 00 0e 0000 0000 01800100 00000000 03000200 00000000 0000 19 0000 00000000 00000000 2000 000f 00000000 0000259a 000013ac 0135 0000 05 c020 0e10 0013 0000 ff 000c 0000 00840058 00100010 00120012 7952 0000007a
 35  00000200 00 0e 0000 0000 01800100 00000000 03000200 00000000 0000 19 0000 00000000 00000000 0100 000f 00000000 0000267a 000013ac 0135 0000 06 c020 0e10 0013 0000 00 000c 0000 00840058 00120012 00120012 7952 000000b2
 36  00000200 00 0e 0000 0000 01800100 00000000 03000200 00000000 0000 19 0000 00000000 00000000 2080 000f 00000000 0000275a 000013ac 0135 0000 04 c020 0e10 0013 0000 00 0000 0000 00840058 00120012 00120012 7952 00000266
 37  00000200 00 0e 0000 0000 01800100 00000000 03000200 00000000 0000 19 0000 00000000 00000000 2080 000f 00000000 0000275a 000013ac 0135 0000 05 c020 0e10 0013 0000 00 000c 0000 00840058 00120012 00140014 7952 0000007f
 38  00000200 00 0e 0000 0000 01800100 00000000 03000200 00000000 0000 19 0000 00000000 00000000 0100 000f 00000000 0000283a 000013ac 0135 0000 06 c020 0e10 0013 0000 00 000c 0000 00840058 00140014 00140014 7952 000000ac
 39  00000200 00 0e 0000 0000 01800100 00000000 03000200 00000000 0000 19 0000 00000000 00000000 2080 000f 00000000 0000291a 000013ac 0135 0000 04 c020 0e10 0013 0000 00 0000 0000 00840058 00140014 00140014 7952 00000257
 40  00000200 00 0e 0000 0000 01800100 00000000 03000200 00000000 0000 19 0000 00000000 00000000 2080 000f 00000000 0000291a 000013ac 0135 0000 05 c020 0e10 0013 0000 00 000c 0000 00840058 00140014 00160016 7952 00000080
 41  00000200 00 0e 0000 0000 01800100 00000000 03000200 00000000 0000 19 0000 00000000 00000000 0100 000f 00000000 000029fa 000013ac 0135 0000 06 c020 0e10 0013 0000 00 000c 0000 00840058 00160016 00160016 7952 000000ac
 42  00000200 00 0e 0000 0000 01800100 00000000 03000200 00000000 0000 19 0000 00000000 00000000 2080 000f 00000000 00002ada 000013ac 0135 0000 04 c020 0e10 0013 0000 00 0000 0000 00840058 00160016 00160016 7952 00000257
 43  00000200 00 0e 0000 0000 01800100 00000000 03000200 00000000 0000 19 0000 00000000 00000000 2080 000f 00000000 00002ada 000013ac 0135 0000 05 c020 0e10 0013 0000 00 000c 0000 00840058 00160016 00180018 7952 00000080
 44  00000200 00 0e 0000 0000 01800100 00000000 03000200 00000000 0000 19 0000 00000000 00000000 0100 000f 00000000 00002bb9 000013ac 0135 0000 06 c020 0e10 0013 0000 00 000c 0000 00840058 00180018 00180018 7952 000000ab
 45  00000200 00 0e 0000 0000 01800100 00000000 03000200 00000000 0000 19 0000 00000000 00000000 2080 000f 00000000 00002c9a 000013ac 0135 0000 04 c020 0e10 0013 0000 00 0000 0000 00840058 00180018 00180018 7952 00000258
 46  00000200 00 0e 0000 0000 01800100 00000000 03000200 00000000 0000 19 0000 00000000 00000000 2080 000f 00000000 00002c9a 000013ac 0135 0000 05 c020 0e10 0013 0000 00 000c 0000 00840058 00180018 001a001a 7952 00000080
 47  00000200 00 0e 0000 0000 01800100 00000000 03000200 00000000 0000 19 0000 00000000 00000000 0100 000f 00000000 00002d7a 000013ac 0135 0000 06 c020 0e10 0013 0000 00 000c 0000 00840058 001a001a 001a001a 7952 000000ab
 48  00000200 00 0e 0000 0000 01800100 00000000 03000200 00000000 0000 19 0000 00000000 00000000 2080 000f 00000000 00002e5a 000013ac 0135 0000 04 c020 0e10 0013 0000 00 0000 0000 00840058 001a001a 001a001a 7952 00000257
 49  00000200 00 0e 0000 0000 01800100 00000000 03000200 00000000 0000 19 0000 00000000 00000000 2080 000f 00000000 00002e5a 000013ac 0135 0000 05 c020 0e10 0013 0000 00 000c 0000 00840058 001a001a 001c001c 7952 00000080
 50  00000200 00 0e 0000 0000 01800100 00000000 03000200 00000000 0000 19 0000 00000000 00000000 0100 000f 00000000 00002f3a 000013ac 0135 0000 06 c020 0e10 0013 0000 00 000c 0000 00840058 001c001c 001c001c 7952 000000ac
 51  00000200 00 0e 0000 0000 01800100 00000000 03000200 00000000 0000 19 0000 00000000 00000000 2080 000f 00000000 0000301a 000013ac 0135 0000 04 c020 0e10 0013 0000 00 0000 0000 00840058 001c001c 001c001c 7952 00000257
 52  00000200 00 0e 0000 0000 01800100 00000000 03000200 00000000 0000 19 0000 00000000 00000000 2080 000f 00000000 0000301a 000013ac 0135 0000 05 c020 0e10 0013 0000 00 000c 0000 00840058 001c001c 001e001e 7952 0000007f
 53  00000200 00 0e 0000 0000 01800100 00000000 03000200 00000000 0000 19 0000 00000000 00000000 0100 000f 00000000 000030fa 000013ac 0135 0000 06 c020 0e10 0013 0000 00 000c 0000 00840058 001e001e 001e001e 7952 000000ac
 54  00000200 00 0e 0000 0000 01800100 00000000 03000200 00000000 0000 19 0000 00000000 00000000 2080 000f 00000000 000031da 000013ac 0135 0000 04 c020 0e10 0013 0000 00 0000 0000 00840058 001e001e 001e001e 7952 00000257
 55  00000200 00 0e 0000 0000 01800100 00000000 03000200 00000000 0000 19 0000 00000000 00000000 2080 000f 00000000 000031da 000013ac 0135 0000 05 c020 0e10 0013 0000 00 000c 0000 00840058 001e001e 00200020 7952 00000080
 56  00000200 00 0e 0000 0000 01800100 00000000 03000200 00000000 0000 19 0000 00000000 00000000 0100 000f 00000000 000032ba 000013ac 0135 0000 06 c020 0e10 0013 0000 00 000c 0000 00840058 00200020 00200020 7952 000000ab
 57  00000200 00 0e 0000 0000 01800100 00000000 03000200 00000000 0000 19 0000 00000000 00000000 2080 000f 00000000 0000339a 000013ac 0135 0000 04 c020 0e10 0013 0000 00 0000 0000 00840058 00200020 00200020 7952 00000258
 58  00000200 00 0e 0000 0000 01800100 00000000 03000200 00000000 0000 19 0000 00000000 00000000 2080 000f 00000000 0000339a 000013ac 0135 0000 05 c020 0e10 0013 0000 00 000c 0000 00840058 00200020 00220022 7952 00000080
 59  00000200 00 0e 0000 0000 01800100 00000000 03000200 00000000 0000 19 0000 00000000 00000000 0100 000f 00000000 0000347a 000013ac 0135 0000 06 c020 0e10 0013 0000 00 000c 0000 00840058 00220022 00220022 7952 000000ab
 60  00000200 00 0e 0000 0000 01800100 00000000 03000200 00000000 0000 19 0000 00000000 00000000 2080 000f 00000000 0000355a 000013ac 0135 0000 04 c020 0e10 0013 0000 00 0000 0000 00840058 00220022 00220022 7952 00000257
 61  00000200 00 0e 0000 0000 01800100 00000000 03000200 00000000 0000 19 0000 00000000 00000000 2080 000f 00000000 0000355a 000013ac 0135 0000 05 c020 0e10 0013 0000 00 000c 0000 00840058 00220022 00240024 7952 00000081
 62  00000200 00 0e 0000 0000 01800100 00000000 03000200 00000000 0000 19 0000 00000000 00000000 0100 000f 00000000 0000363a 000013ac 0135 0000 06 c020 0e10 0013 0000 00 000c 0000 00840058 00240024 00240024 7952 000000ab
 63  00000200 00 0e 0000 0000 01800100 00000000 03000200 00000000 0000 19 0000 00000000 00000000 2080 000f 00000000 0000371a 000013ac 0135 0000 04 c020 0e10 0013 0000 00 0000 0000 00840058 00240024 00240024 7952 00000257
 64  00000200 00 0e 0000 0000 01800100 00000000 03000200 00000000 0000 19 0000 00000000 00000000 2080 000f 00000000 0000371a 000013ac 0135 0000 05 c020 0e10 0013 0000 00 000c 0000 00840058 00240024 00260026 7952 00000080
 65  00000200 00 0e 0000 0000 01800100 00000000 03000200 00000000 0000 19 0000 00000000 00000000 0100 000f 00000000 000037fa 000013ac 0135 0000 06 c020 0e10 0013 0000 00 000c 0000 00840058 00260026 00260026 7952 000000ab
 66  00000200 00 0e 0000 0000 01800100 00000000 03000200 00000000 0000 19 0000 00000000 00000000 2080 000f 00000000 000038da 000013ac 0135 0000 04 c020 0e10 0013 0000 00 0000 0000 00840058 00260026 00260026 7952 00000258
 67  00000200 00 0e 0000 0000 01800100 00000000 03000200 00000000 0000 19 0000 00000000 00000000 2080 000f 00000000 000038da 000013ac 0135 0000 05 c020 0e10 0013 0000 00 000c 0000 00840058 00260026 00280028 7952 00000080
 68  00000200 00 0e 0000 0000 01800100 00000000 03000200 00000000 0000 19 0000 00000000 00000000 0100 000f 00000000 000039bb 000013ac 0135 0000 06 c020 0e10 0013 0000 00 000c 0000 00840058 00280028 00280028 7952 000000ab
 69  00000200 00 0e 0000 0000 01800100 00000000 03000200 00000000 0000 19 0000 00000000 00000000 2080 000f 00000000 00003a9c 000013ac 0135 0000 04 c020 0e10 0013 0000 00 0000 0000 00840058 00280028 00280028 7952 00000257
 70  00000200 00 0e 0000 0000 01800100 00000000 03000200 00000000 0000 19 0000 00000000 00000000 2080 000f 00000000 00003a9c 000013ac 0135 0000 05 c020 0e10 0013 0000 00 000c 0000 00840058 00280028 002a002a 7952 00000080
 71  00000200 00 0e 0000 0000 01800100 00000000 03000200 00000000 0000 19 0000 00000000 00000000 0100 000f 00000000 00003b7d 000013ac 0135 0000 06 c020 0e10 0013 0000 00 000c 0000 00840058 002a002a 002a002a 7952 000000ab
 72  00000200 00 0e 0000 0000 01800100 00000000 03000200 00000000 0000 19 0000 00000000 00000000 2080 000f 00000000 00003c5c 000013ac 0135 0000 04 c020 0e10 0013 0000 00 0000 0000 00840058 002a002a 002a002a 7952 00000257
 73  00000200 00 0e 0000 0000 01800100 00000000 03000200 00000000 0000 19 0000 00000000 00000000 2080 000f 00000000 00003c5c 000013ac 0135 0000 05 c020 0e10 0013 0000 00 000c 0000 00840058 002a002a 002c002c 7952 00000081
 74  00000200 00 0e 0000 0000 01800100 00000000 03000200 00000000 0000 19 0000 00000000 00000000 0100 000f 00000000 00003d3c 000013ac 0135 0000 06 c020 0e10 0013 0000 00 000c 0000 00840058 002c002c 002c002c 7952 000000aa
 75  00000200 00 0e 0000 0000 01800100 00000000 03000200 00000000 0000 19 0000 00000000 00000000 2080 000f 00000000 00003e1a 000013ac 0135 0000 04 c020 0e10 0013 0000 00 0000 0000 00840058 002c002c 002c002c 7952 00000258
 76  00000200 00 0e 0000 0000 01800100 00000000 03000200 00000000 0000 19 0000 00000000 00000000 2080 000f 00000000 00003e1a 000013ac 0135 0000 05 c020 0e10 0013 0000 00 000c 0000 00840058 002c002c 002e002e 7952 00000080
 77  00000200 00 0e 0000 0000 01800100 00000000 03000200 00000000 0000 19 0000 00000000 00000000 0100 000f 00000000 00003efa 000013ac 0135 0000 06 c020 0e10 0013 0000 00 000c 0000 00840058 002e002e 002e002e 7952 000000ab
 78  00000200 00 0e 0000 0000 01800100 00000000 03000200 00000000 0000 19 0000 00000000 00000000 2080 000f 00000000 00003fda 000013ac 0135 0000 04 c020 0e10 0013 0000 00 0000 0000 00840058 002e002e 002e002e 7952 00000258
 79  00000200 00 0e 0000 0000 01800100 00000000 03000200 00000000 0000 19 0000 00000000 00000000 2080 000f 00000000 00003fda 000013ac 0135 0000 05 c020 0e10 0013 0000 00 000c 0000 00840058 002e002e 00300030 7952 00000080
 80  00000200 00 0e 0000 0000 01800100 00000000 03000200 00000000 0000 19 0000 00000000 00000000 0100 000f 00000000 000040ba 000013ac 0135 0000 06 c020 0e10 0013 0000 00 000c 0000 00840058 00300030 00300030 7952 000000ab
 81  00000200 00 0e 0000 0000 01800100 00000000 03000200 00000000 0000 19 0000 00000000 00000000 2080 000f 00000000 0000419a 000013ac 0135 0000 04 c020 0e10 0013 0000 00 0000 0000 00840058 00300030 00300030 7952 00000257
 82  00000200 00 0e 0000 0000 01800100 00000000 03000200 00000000 0000 19 0000 00000000 00000000 2080 000f 00000000 0000419a 000013ac 0135 0000 05 c020 0e10 0013 0000 00 000c 0000 00840058 00300030 00320032 7952 00000080
 83  00000200 00 0e 0000 0000 01800100 00000000 03000200 00000000 0000 19 0000 00000000 00000000 0100 000f 00000000 0000427a 000013ac 0135 0000 06 c020 0e10 0013 0000 00 000c 0000 00840058 00320032 00320032 7952 000000ab
 84  00000200 00 0e 0000 0000 01800100 00000000 03000200 00000000 0000 19 0000 00000000 00000000 2080 000f 00000000 0000435a 000013ac 0135 0000 04 c020 0e10 0013 0000 00 0000 0000 00840058 00320032 00320032 7952 00000258
 85  00000200 00 0e 0000 0000 01800100 00000000 03000200 00000000 0000 19 0000 00000000 00000000 2080 000f 00000000 0000435a 000013ac 0135 0000 05 c020 0e10 0013 0000 00 000c 0000 00840058 00320032 00340034 7952 00000080
 86  00000200 00 0e 0000 0000 01800100 00000000 03000200 00000000 0000 19 0000 00000000 00000000 0100 000f 00000000 0000443a 000013ac 0135 0000 06 c020 0e10 0013 0000 00 000c 0000 00840058 00340034 00340034 7952 000000ac
 87  00000200 00 0e 0000 0000 01800100 00000000 03000200 00000000 0000 19 0000 00000000 00000000 2080 000f 00000000 0000451a 000013ac 0135 0000 04 c020 0e10 0013 0000 00 0000 0000 00840058 00340034 00340034 7952 00000257
 88  00000200 00 0e 0000 0000 01800100 00000000 03000200 00000000 0000 19 0000 00000000 00000000 2080 000f 00000000 0000451a 000013ac 0135 0000 05 c020 0e10 0013 0000 00 000c 0000 00840058 00340034 00360036 7952 0000007f
 89  00000200 00 0e 0000 0000 01800100 00000000 03000200 00000000 0000 19 0000 00000000 00000000 0100 000f 00000000 000045fa 000013ac 0135 0000 06 c020 0e10 0013 0000 00 000c 0000 00840058 00360036 00360036 7952 000000ab
 90  00000200 00 0e 0000 0000 01800100 00000000 03000200 00000000 0000 19 0000 00000000 00000000 2080 000f 00000000 000046da 000013ac 0135 0000 04 c020 0e10 0013 0000 00 0000 0000 00840058 00360036 00360036 7952 00000258
 91  00000200 00 0e 0000 0000 01800100 00000000 03000200 00000000 0000 19 0000 00000000 00000000 2080 000f 00000000 000046da 000013ac 0135 0000 05 c020 0e10 0013 0000 00 000c 0000 00840058 00360036 00380038 7952 00000080
 92  00000200 00 0e 0000 0000 01800100 00000000 03000200 00000000 0000 19 0000 00000000 00000000 0100 000f 00000000 000047ba 000013ac 0135 0000 06 c020 0e10 0013 0000 00 000c 0000 00840058 00380038 00380038 7952 000000ac
 93  00000200 00 0e 0000 0000 01800100 00000000 03000200 00000000 0000 19 0000 00000000 00000000 2080 000f 00000000 0000489a 000013ac 0135 0000 04 c020 0e10 0013 0000 00 0000 0000 00840058 00380038 00380038 7952 00000257
 94  00000200 00 0e 0000 0000 01800100 00000000 03000200 00000000 0000 19 0000 00000000 00000000 2080 000f 00000000 0000489a 000013ac 0135 0000 05 c020 0e10 0013 0000 00 000c 0000 00840058 00380038 003a003a 7952 0000007f
 95  00000200 00 0e 0000 0000 01800100 00000000 03000200 00000000 0000 19 0000 00000000 00000000 0100 000f 00000000 0000497a 000013ac 0135 0000 06 c020 0e10 0013 0000 00 000c 0000 00840058 003a003a 003a003a 7952 000000ac
 96  00000200 00 0e 0000 0000 01800100 00000000 03000200 00000000 0000 19 0000 00000000 00000000 2080 000f 00000000 00004a5a 000013ac 0135 0000 04 c020 0e10 0013 0000 00 0000 0000 00840058 003a003a 003a003a 7952 00000257
 97  00000200 00 0e 0000 0000 01800100 00000000 03000200 00000000 0000 19 0000 00000000 00000000 2080 000f 00000000 00004a5a 000013ac 0135 0000 05 c020 0e10 0013 0000 00 000c 0000 00840058 003a003a 003c003c 7952 00000080
 98  00000200 00 0e 0000 0000 01800100 00000000 03000200 00000000 0000 19 0000 00000000 00000000 0100 000f 00000000 00004b3a 000013ac 0135 0000 06 c020 0e10 0013 0000 00 000c 0000 00840058 003c003c 003c003c 7952 000000ab
 99  00000200 00 0e 0000 0000 01800100 00000000 03000200 00000000 0000 19 0000 00000000 00000000 2080 000f 00000000 00004c1a 000013ac 0135 0000 04 c020 0e10 0013 0000 00 0000 0000 00840058 003c003c 003c003c 7952 00000258
100  00000200 00 0e 0000 0000 01800100 00000000 03000200 00000000 0000 19 0000 00000000 00000000 2080 000f 00000000 00004c1a 000013ac 0135 0000 05 c020 0e10 0013 0000 00 000c 0000 00840058 003c003c 003e003e 7952 00000080
101  00000200 00 0e 0000 0000 01800100 00000000 03000200 00000000 0000 19 0000 00000000 00000000 0100 000f 00000000 00004cfa 000013ac 0135 0000 06 c020 0e10 0013 0000 00 000c 0000 00840058 003e003e 003e003e 7952 000000ab
102  00000200 00 0e 0000 0000 01800100 00000000 03000200 00000000 0000 19 0000 00000000 00000000 2080 000f 00000000 00004dda 000013ac 0135 0000 04 c020 0e10 0013 0000 00 0000 0000 00840058 003e003e 003e003e 7952 00000258
103  00000200 00 0e 0000 0000 01800100 00000000 03000200 00000000 0000 19 0000 00000000 00000000 2080 000f 00000000 00004dda 000013ac 0135 0000 05 c020 0e10 0013 0000 00 000c 0000 00840058 003e003e 00400040 7952 0000007f
104  00000200 00 0e 0000 0000 01800100 00000000 03000200 00000000 0000 19 0000 00000000 00000000 0100 000f 00000000 00004eba 000013ac 0135 0000 06 c020 0e10 0013 0000 00 000c 0000 00840058 00400040 00400040 7952 000000ab
105  00000200 00 0e 0000 0000 01800100 00000000 03000200 00000000 0000 19 0000 00000000 00000000 2080 000f 00000000 00004f9a 000013ac 0135 0000 04 c020 0e10 0013 0000 00 0000 0000 00840058 00400040 00400040 7952 00000258
106  00000200 00 0e 0000 0000 01800100 00000000 03000200 00000000 0000 19 0000 00000000 00000000 2080 000f 00000000 00004f9a 000013ac 0135 0000 05 c020 0e10 0013 0000 00 000c 0000 00840058 00400040 00420042 7952 00000080
107  00000200 00 0e 0000 0000 01800100 00000000 03000200 00000000 0000 19 0000 00000000 00000000 0100 000f 00000000 0000507a 000013ac 0135 0000 06 c020 0e10 0013 0000 00 000c 0000 00840058 00420042 00420042 7952 000000ab
108  00000200 00 0e 0000 0000 01800100 00000000 03000200 00000000 0000 19 0000 00000000 00000000 2080 000f 00000000 0000515a 000013ac 0135 0000 04 c020 0e10 0013 0000 00 0000 0000 00840058 00420042 00420042 7952 00000258
109  00000200 00 0e 0000 0000 01800100 00000000 03000200 00000000 0000 19 0000 00000000 00000000 2080 000f 00000000 0000515a 000013ac 0135 0000 05 c020 0e10 0013 0000 00 000c 0000 00840058 00420042 00440044 7952 0000007f
110  00000200 00 0e 0000 0000 01800100 00000000 03000200 00000000 0000 19 0000 00000000 00000000 0100 000f 00000000 0000523a 000013ac 0135 0000 06 c020 0e10 0013 0000 00 000c 0000 00840058 00440044 00440044 7952 000000ac
111  00000200 00 0e 0000 0000 01800100 00000000 03000200 00000000 0000 19 0000 00000000 00000000 2080 000f 00000000 00005319 000013ac 0135 0000 04 c020 0e10 0013 0000 00 0000 0000 00840058 00440044 00440044 7952 00000257
112  00000200 00 0e 0000 0000 01800100 00000000 03000200 00000000 0000 19 0000 00000000 00000000 2080 000f 00000000 00005319 000013ac 0135 0000 05 c020 0e10 0013 0000 00 000c 0000 00840058 00440044 00460046 7952 00000081
113  00000200 00 0e 0000 0000 01800100 00000000 03000200 00000000 0000 19 0000 00000000 00000000 0100 000f 00000000 000053fa 000013ac 0135 0000 06 c020 0e10 0013 0000 00 000c 0000 00840058 00460046 00460046 7952 000000ab
114  00000200 00 0e 0000 0000 01800100 00000000 03000200 00000000 0000 19 0000 00000000 00000000 2080 000f 00000000 000054da 000013ac 0135 0000 04 c020 0e10 0013 0000 00 0000 0000 00840058 00460046 00460046 7952 00000257
115  00000200 00 0e 0000 0000 01800100 00000000 03000200 00000000 0000 19 0000 00000000 00000000 2080 000f 00000000 000054da 000013ac 0135 0000 05 c020 0e10 0013 0000 00 000c 0000 00840058 00460046 00480048 7952 00000080
116  00000200 00 0e 0000 0000 01800100 00000000 03000200 00000000 0000 19 0000 00000000 00000000 0100 000f 00000000 000055ba 000013ac 0135 0000 06 c020 0e10 0013 0000 00 000c 0000 00840058 00480048 00480048 7952 000000ab
117  00000200 00 0e 0000 0000 01800100 00000000 03000200 00000000 0000 19 0000 00000000 00000000 2080 000f 00000000 00005699 000013ac 0135 0000 04 c020 0e10 0013 0000 00 0000 0000 00840058 00480048 00480048 7952 00000257
118  00000200 00 0e 0000 0000 01800100 00000000 03000200 00000000 0000 19 0000 00000000 00000000 2080 000f 00000000 00005699 000013ac 0135 0000 05 c020 0e10 0013 0000 00 000c 0000 00840058 00480048 004a004a 7952 00000080
119  00000200 00 0e 0000 0000 01800100 00000000 03000200 00000000 0000 19 0000 00000000 00000000 0100 000f 00000000 0000577a 000013ac 0135 0000 06 c020 0e10 0013 0000 00 000c 0000 00840058 004a004a 004a004a 7952 000000ab
120  00000200 00 0e 0000 0000 01800100 00000000 03000200 00000000 0000 19 0000 00000000 00000000 2080 000f 00000000 0000585a 000013ac 0135 0000 04 c020 0e10 0013 0000 00 0000 0000 00840058 004a004a 004a004a 7952 00000258
121  00000200 00 0e 0000 0000 01800100 00000000 03000200 00000000 0000 19 0000 00000000 00000000 2080 000f 00000000 0000585a 000013ac 0135 0000 05 c020 0e10 0013 0000 00 000c 0000 00840058 004a004a 004c004c 7952 00000080
122  00000200 00 0e 0000 0000 01800100 00000000 03000200 00000000 0000 19 0000 00000000 00000000 0100 000f 00000000 0000593a 000013ac 0135 0000 06 c020 0e10 0013 0000 00 000c 0000 00840058 004c004c 004c004c 7952 000000ab
123  00000200 00 0e 0000 0000 01800100 00000000 03000200 00000000 0000 19 0000 00000000 00000000 2080 000f 00000000 00005a1a 000013ac 0135 0000 04 c020 0e10 0013 0000 00 0000 0000 00840058 004c004c 004c004c 7952 00000257
124  00000200 00 0e 0000 0000 01800100 00000000 03000200 00000000 0000 19 0000 00000000 00000000 2080 000f 00000000 00005a1a 000013ac 0135 0000 05 c020 0e10 0013 0000 00 000c 0000 00840058 004c004c 004e004e 7952 00000080
125  00000200 00 0e 0000 0000 01800100 00000000 03000200 00000000 0000 19 0000 00000000 00000000 0100 000f 00000000 00005afa 000013ac 0135 0000 06 c020 0e10 0013 0000 00 000c 0000 00840058 004e004e 004e004e 7952 000000ac
126  00000200 00 0e 0000 0000 01800100 00000000 03000200 00000000 0000 19 0000 00000000 00000000 2080 000f 00000000 00005bda 000013ac 0135 0000 04 c020 0e10 0013 0000 00 0000 0000 00840058 004e004e 004e004e 7952 00000257
127  00000200 00 0e 0000 0000 01800100 00000000 03000200 00000000 0000 19 0000 00000000 00000000 2080 000f 00000000 00005bda 000013ac 0135 0000 05 c020 0e10 0013 0000 00 000c 0000 00840058 004e004e 00500050 7952 00000080
128  00000200 00 0e 0000 0000 01800100 00000000 03000200 00000000 0000 19 0000 00000000 00000000 0100 000f 00000000 00005cba 000013ac 0135 0000 06 c020 0e10 0013 0000 00 000c 0000 00840058 00500050 00500050 7952 000000ab
129  00000200 00 0e 0000 0000 01800100 00000000 03000200 00000000 0000 19 0000 00000000 00000000 2080 000f 00000000 00005d99 000013ac 0135 0000 04 c020 0e10 0013 0000 00 0000 0000 00840058 00500050 00500050 7952 00000258
130  00000200 00 0e 0000 0000 01800100 00000000 03000200 00000000 0000 19 0000 00000000 00000000 2080 000f 00000000 00005d99 000013ac 0135 0000 05 c020 0e10 0013 0000 00 000c 0000 00840058 00500050 00520052 7952 00000080
131  00000200 00 0e 0000 0000 01800100 00000000 03000200 00000000 0000 19 0000 00000000 00000000 0100 000f 00000000 00005e7a 000013ac 0135 0000 06 c020 0e10 0013 0000 00 000c 0000 00840058 00520052 00520052 7952 000000ab
132  00000200 00 0e 0000 0000 01800100 00000000 03000200 00000000 0000 19 0000 00000000 00000000 2080 000f 00000000 00005f5a 000013ac 0135 0000 04 c020 0e10 0013 0000 00 0000 0000 00840058 00520052 00520052 7952 00000257
133  00000200 00 0e 0000 0000 01800100 00000000 03000200 00000000 0000 19 0000 00000000 00000000 2080 000f 00000000 00005f5a 000013ac 0135 0000 05 c020 0e10 0013 0000 00 000c 0000 00840058 00520052 00540054 7952 00000092
134  00000200 00 0e 0000 0000 01800100 00000000 03000200 00000000 0000 19 0000 00000000 00000000 0100 000f 00000000 0000603a 000013ac 0135 0000 06 c020 0e10 0013 0000 00 000c 0000 00840058 00540054 00540054 7952 00000099
135  00000200 00 0e 0000 0000 01800100 00000000 03000200 00000000 0000 19 0000 00000000 00000000 2080 000f 00000000 0000611a 000013ac 0135 0000 04 c020 0e10 0013 0000 00 0000 0000 00840058 00540054 00540054 7952 00000258
136  00000200 00 0e 0000 0000 01800100 00000000 03000200 00000000 0000 19 0000 00000000 00000000 0100 000f 00000000 000061fa 000013ac 0135 0000 05 c020 0e10 0013 0000 00 000c 0000 00840058 00540054 00560056 7952 00000092
137  00000200 00 0e 0000 0000 01800100 00000000 03000200 00000000 0000 19 0000 00000000 00000000 0100 000f 00000000 000061fa 000013ac 0135 0000 06 c020 0e10 0013 0000 00 000c 0000 00840058 00560056 00560056 7952 00000095
138  00000200 00 0e 0000 0000 01800100 00000000 03000200 00000000 0000 19 0000 00000000 00000000 2080 000f 00000000 000062d9 000013ac 0135 0000 04 c020 0e10 0013 0000 00 0000 0000 00840058 00560056 00560056 7952 0000025b
139  00000200 00 0e 0000 0000 01800100 00000000 03000200 00000000 0000 19 0000 00000000 00000000 0100 000f 00000000 000063ba 000013ac 0135 0000 05 c020 0e10 0013 0000 00 000c 0000 00840058 00560056 00580058 7952 00000093
140  00000200 00 0e 0000 0000 01800100 00000000 03000200 00000000 0000 19 0000 00000000 00000000 0100 000f 00000000 000063ba 000013ac 0135 0000 06 c020 0e10 0013 0000 00 000c 0000 00840058 00580058 00580058 7952 00000094
141  00000200 00 0e 0000 0000 01800100 00000000 03000200 00000000 0000 19 0000 00000000 00000000 2080 000f 00000000 0000649a 000013ac 0135 0000 04 c020 0e10 0013 0000 00 0000 0000 00840058 00580058 00580058 7952 0000025c
142  00000200 00 0e 0000 0000 01800100 00000000 03000200 00000000 0000 19 0000 00000000 00000000 0100 000f 00000000 0000657a 000013ac 0135 0000 05 c020 0e10 0013 0000 00 000c 0000 00840058 00580058 005a005a 7952 00000092
143  00000200 00 0e 0000 0000 01800100 00000000 03000200 00000000 0000 19 0000 00000000 00000000 0100 000f 00000000 0000657a 000013ac 0135 0000 06 c020 0e10 0013 0000 00 000c 0000 00840058 005a005a 005a005a 7952 00000094
144  00000200 00 0e 0000 0000 01800100 00000000 03000200 00000000 0000 19 0000 00000000 00000000 2080 000f 00000000 0000665a 000013ac 0135 0000 04 c020 0e10 0013 0000 00 0000 0000 00840058 005a005a 005a005a 7952 0000025c
145  00000200 00 0e 0000 0000 01800100 00000000 03000200 00000000 0000 19 0000 00000000 00000000 0100 000f 00000000 0000673a 000013ac 0135 0000 05 c020 0e10 0013 0000 00 000c 0000 00840058 005a005a 005c005c 7952 00000092
146  00000200 00 0e 0000 0000 01800100 00000000 03000200 00000000 0000 19 0000 00000000 00000000 0100 000f 00000000 0000673a 000013ac 0135 0000 06 c020 0e10 0013 0000 00 000c 0000 00840058 005c005c 005c005c 7952 00000095
147  00000200 00 0e 0000 0000 01800100 00000000 03000200 00000000 0000 19 0000 00000000 00000000 2080 000f 00000000 0000681a 000013ac 0135 0000 04 c020 0e10 0013 0000 00 0000 0000 00840058 005c005c 005c005c 7952 0000025c
148  00000200 00 08 0000 0000 01800100 00000000 03000200 00000000 0000 19 0000 00000000 00000000 0100 0008 00000000 000068fa 000013ac 0135 0000 05 c020 0e10 0013 0000 00 000c 0000 00840058 005c005c 005e005e 7951 000000bd
149  00000200 00 08 0000 0000 01800100 00000000 03000200 00000000 0000 19 0000 00000000 00000000 0100 0008 00000000 000068fa 000013ac 0135 0000 06 c020 0e10 0013 0000 00 000c 0000 00840058 005c005c 005e005e 7951 00000091
150  00000200 00 08 0000 b010 01800100 00000000 03000200 00000000 0000 19 0000 00000000 00000000 2000 0008 00000000 000068fa 000013ac 0135 0000 04 c020 0e10 0013 0000 ff 000c 0000 00840058 005c005c 005e005e 7951 0000022d
151  00000200 00 08 0000 0000 01800100 00000000 03000200 00000000 0000 19 0000 00000000 00000000 2000 0008 00000000 000068fa 000013ac 0135 0000 05 c020 0e10 0013 0000 ff 000c 0000 00840058 005c005c 005e005e 7951 0000008c
152  00000200 00 08 0000 0000 01800100 00000000 03000200 00000000 0000 19 0000 00000000 00000000 2000 0008 00000000 000068fa 000013ac 0135 0000 06 c020 0e10 0013 0000 ff 000c 0000 00840058 005c005c 005e005e 7951 00000096
153  00000200 00 08 0000 0000 01800100 00000000 03000200 00000000 0000 19 0000 00000000 00000000 2000 0008 00000000 000068fa 000013ac 0135 0000 04 c020 0e10 0013 0000 ff 000c 0000 00840058 005c005c 005e005e 7951 00000252
154  00000200 00 08 0000 0000 01800100 00000000 03000200 00000000 0000 19 0000 00000000 00000000 2000 0008 00000000 000068fa 000013ac 0135 0000 05 c020 0e10 0013 0000 ff 000c 0000 00840058 005c005c 005e005e 7951 00000077
155  00000200 00 08 0000 0000 01800100 00000000 03000200 00000000 0000 19 0000 00000000 00000000 2000 0008 00000000 000068fa 000013ac 0135 0000 06 c020 0e10 0013 0000 ff 000c 0000 00840058 005c005c 005e005e 7951 00000093
156  00000200 00 08 0000 0000 01800100 00000000 03000200 00000000 0000 19 0000 00000000 00000000 2000 0008 00000000 000068fa 000013ac 0135 0000 04 c020 0e10 0013 0000 ff 000c 0000 00840058 005c005c 005e005e 7951 00000279
157  00000200 00 08 0000 0000 01800100 00000000 03000200 00000000 0000 19 0000 00000000 00000000 2000 0008 00000000 000068fa 000013ac 0135 0000 05 c020 0e10 0013 0000 ff 000c 0000 00840058 005c005c 005e005e 7951 00000076
158  00000200 00 08 0000 0000 01800100 00000000 03000200 00000000 0000 19 0000 00000000 00000000 2000 0008 00000000 000068fa 000013ac 0135 0000 06 c020 0e10 0013 0000 ff 000c 0000 00840058 005c005c 005e005e 7951 00000093
159  00000200 00 08 0000 0000 01800100 00000000 03000200 00000000 0000 19 0000 00000000 00000000 2000 0008 00000000 000068fa 000013ac 0135 0000 04 c020 0e10 0013 0000 ff 000c 0000 00840058 005c005c 005e005e 7951 0000027a
160  00000200 00 08 0000 0000 01800100 00000000 03000200 00000000 0000 19 0000 00000000 00000000 2000 0008 00000000 000068fa 000013ac 0135 0000 05 c020 0e10 0013 0000 ff 000c 0000 00840058 005c005c 005e005e 7951 00000076
161  00000200 00 08 0000 0000 01800100 00000000 03000200 00000000 0000 19 0000 00000000 00000000 2000 0008 00000000 000068fa 000013ac 0135 0000 06 c020 0e10 0013 0000 ff 000c 0000 00840058 005c005c 005e005e 7951 00000093
162  00000200 00 08 0000 0000 01800100 00000000 03000200 00000000 0000 19 0000 00000000 00000000 2000 0008 00000000 000068fa 000013ac 0135 0000 04 c020 0e10 0013 0000 ff 000c 0000 00840058 005c005c 005e005e 7951 00000279
163  00000200 00 08 0000 0000 01800100 00000000 03000200 00000000 0000 19 0000 00000000 00000000 2000 0008 00000000 000068fa 000013ac 0135 0000 05 c020 0e10 0013 0000 ff 000c 0000 00840058 005c005c 005e005e 7951 00000076
164  00000200 00 08 0000 0000 01800100 00000000 03000200 00000000 0000 19 0000 00000000 00000000 2000 0008 00000000 000068fa 000013ac 0135 0000 06 c020 0e10 0013 0000 ff 000c 0000 00840058 005c005c 005e005e 7951 00000093
165  00000200 00 08 0000 0000 01800100 00000000 03000200 00000000 0000 19 0000 00000000 00000000 2000 0008 00000000 000068fa 000013ac 0135 0000 04 c020 0e10 0013 0000 ff 000c 0000 00840058 005c005c 005e005e 7951 0000027a
166  00000200 00 08 0000 0000 01800100 00000000 03000200 00000000 0000 19 0000 00000000 00000000 2000 0008 00000000 000068fa 000013ac 0135 0000 05 c020 0e10 0013 0000 ff 000c 0000 00840058 005c005c 005e005e 7951 00000076
167  00000200 00 08 0000 0000 01800100 00000000 03000200 00000000 0000 19 0000 00000000 00000000 2000 0008 00000000 000068fa 000013ac 0135 0000 06 c020 0e10 0013 0000 ff 000c 0000 00840058 005c005c 005e005e 7951 00000093
168  00000200 00 08 0000 0000 01800100 00000000 03000200 00000000 0000 19 0000 00000000 00000000 2000 0008 00000000 000068fa 000013ac 0135 0000 04 c020 0e10 0013 0000 ff 000c 0000 00840058 005c005c 005e005e 7951 00000279
169  00000200 00 08 0000 0000 01800100 00000000 03000200 00000000 0000 19 0000 00000000 00000000 2000 0008 00000000 000068fa 000013ac 0135 0000 05 c020 0e10 0013 0000 ff 000c 0000 00840058 005c005c 005e005e 7951 00000076
170  00000200 00 08 0000 0000 01800100 00000000 03000200 00000000 0000 19 0000 00000000 00000000 2000 0008 00000000 000068fa 000013ac 0135 0000 06 c020 0e10 0013 0000 ff 000c 0000 00840058 005c005c 005e005e 7951 00000093
171  00000200 00 08 0000 0000 01800100 00000000 03000200 00000000 0000 19 0000 00000000 00000000 2000 0008 00000000 000068fa 000013ac 0135 0000 04 c020 0e10 0013 0000 ff 000c 0000 00840058 005c005c 005e005e 7951 0000027a
172  00000200 00 08 0000 0000 01800100 00000000 03000200 00000000 0000 19 0000 00000000 00000000 2000 0008 00000000 000068fa 000013ac 0135 0000 05 c020 0e10 0013 0000 ff 000c 0000 00840058 005c005c 005e005e 7951 00000076
173  00000200 00 08 0000 0000 01800100 00000000 03000200 00000000 0000 19 0000 00000000 00000000 2000 0008 00000000 000068fa 000013ac 0135 0000 06 c020 0e10 0013 0000 ff 000c 0000 00840058 005c005c 005e005e 7951 00000093
174  00000200 00 08 0000 0000 01800100 00000000 03000200 00000000 0000 19 0000 00000000 00000000 2000 0008 00000000 000068fa 000013ac 0135 0000 04 c020 0e10 0013 0000 ff 000c 0000 00840058 005c005c 005e005e 7951 00000279
175  00000200 00 08 0000 0000 01800100 00000000 03000200 00000000 0000 19 0000 00000000 00000000 2000 0008 00000000 000068fa 000013ac 0135 0000 05 c020 0e10 0013 0000 ff 000c 0000 00840058 005c005c 005e005e 7951 00000077
176  00000200 00 08 0000 0000 01800100 00000000 03000200 00000000 0000 19 0000 00000000 00000000 2000 0008 00000000 000068fa 000013ac 0135 0000 06 c020 0e10 0013 0000 ff 000c 0000 00840058 005c005c 005e005e 7951 00000093
177  00000200 00 08 0000 0000 01800100 00000000 03000200 00000000 0000 19 0000 00000000 00000000 2000 0008 00000000 000068fa 000013ac 0135 0000 04 c020 0e10 0013 0000 ff 000c 0000 00840058 005c005c 005e005e 7951 00000279
178  00000200 00 08 0000 0000 01800100 00000000 03000200 00000000 0000 19 0000 00000000 00000000 2000 0008 00000000 000068fa 000013ac 0135 0000 05 c020 0e10 0013 0000 ff 000c 0000 00840058 005c005c 005e005e 7951 00000076
179  00000200 00 08 0000 0000 01800100 00000000 03000200 00000000 0000 19 0000 00000000 00000000 2000 0008 00000000 000068fa 000013ac 0135 0000 06 c020 0e10 0013 0000 ff 000c 0000 00840058 005c005c 005e005e 7951 00000092
180  00000200 00 08 0000 0000 01800100 00000000 03000200 00000000 0000 19 0000 00000000 00000000 2000 0008 00000000 000068fa 000013ac 0135 0000 04 c020 0e10 0013 0000 ff 000c 0000 00840058 005c005c 005e005e 7951 0000027b
181  00000200 00 08 0000 0000 01800100 00000000 03000200 00000000 0000 19 0000 00000000 00000000 2000 0008 00000000 000068fa 000013ac 0135 0000 05 c020 0e10 0013 0000 ff 000c 0000 00840058 005c005c 005e005e 7951 00000076
182  00000200 00 08 0000 0000 01800100 00000000 03000200 00000000 0000 19 0000 00000000 00000000 2000 0008 00000000 000068fa 000013ac 0135 0000 06 c020 0e10 0013 0000 ff 000c 0000 00840058 005c005c 005e005e 7951 00000093
183  00000200 00 08 0000 0000 01800100 00000000 03000200 00000000 0000 19 0000 00000000 00000000 2000 0008 00000000 000068fa 000013ac 0135 0000 04 c020 0e10 0013 0000 ff 000c 0000 00840058 005c005c 005e005e 7951 00000279
184  00000200 00 08 0000 0000 01800100 00000000 03000200 00000000 0000 19 0000 00000000 00000000 2000 0008 00000000 000068fa 000013ac 0135 0000 05 c020 0e10 0013 0000 ff 000c 0000 00840058 005c005c 005e005e 7951 00000076
185  00000200 00 08 0000 0000 01800100 00000000 03000200 00000000 0000 19 0000 00000000 00000000 2000 0008 00000000 000068fa 000013ac 0135 0000 06 c020 0e10 0013 0000 ff 000c 0000 00840058 005c005c 005e005e 7951 00000092
186  00000200 00 08 0000 0000 01800100 00000000 03000200 00000000 0000 19 0000 00000000 00000000 2000 0008 00000000 000068fa 000013ac 0135 0000 04 c020 0e10 0013 0000 ff 000c 0000 00840058 005c005c 005e005e 7951 0000027b
187  00000200 00 08 0000 0000 01800100 00000000 03000200 00000000 0000 19 0000 00000000 00000000 2000 0008 00000000 000068fa 000013ac 0135 0000 05 c020 0e10 0013 0000 ff 000c 0000 00840058 005c005c 005e005e 7951 00000076
188  00000200 00 08 0000 0000 01800100 00000000 03000200 00000000 0000 19 0000 00000000 00000000 2000 0008 00000000 000068fa 000013ac 0135 0000 06 c020 0e10 0013 0000 ff 000c 0000 00840058 005c005c 005e005e 7951 00000093
189  00000200 00 08 0000 0000 01800100 00000000 03000200 00000000 0000 19 0000 00000000 00000000 2000 0008 00000000 000068fa 000013ac 0135 0000 04 c020 0e10 0013 0000 ff 000c 0000 00840058 005c005c 005e005e 7951 00000279
190  00000200 00 08 0000 0000 01800100 00000000 03000200 00000000 0000 19 0000 00000000 00000000 2000 0008 00000000 000068fa 000013ac 0135 0000 05 c020 0e10 0013 0000 ff 000c 0000 00840058 005c005c 005e005e 7951 00000076
191  00000200 00 08 0000 0000 01800100 00000000 03000200 00000000 0000 19 0000 00000000 00000000 2000 0008 00000000 000068fa 000013ac 0135 0000 06 c020 0e10 0013 0000 ff 000c 0000 00840058 005c005c 005e005e 7951 00000093
192  00000200 00 08 0000 0000 01800100 00000000 03000200 00000000 0000 19 0000 00000000 00000000 2000 0008 00000000 000068fa 000013ac 0135 0000 04 c020 0e10 0013 0000 ff 000c 0000 00840058 005c005c 005e005e 7951 0000027a
193  00000200 00 08 0000 0000 01800100 00000000 03000200 00000000 0000 19 0000 00000000 00000000 2000 0008 00000000 000068fa 000013ac 0135 0000 05 c020 0e10 0013 0000 ff 000c 0000 00840058 005c005c 005e005e 7951 00000076
194  00000200 00 08 0000 0000 01800100 00000000 03000200 00000000 0000 19 0000 00000000 00000000 2000 0008 00000000 000068fa 000013ac 0135 0000 06 c020 0e10 0013 0000 ff 000c 0000 00840058 005c005c 005e005e 7951 00000092
195  00000200 00 08 0000 0000 01800100 00000000 03000200 00000000 0000 19 0000 00000000 00000000 2000 0008 00000000 000068fa 000013ac 0135 0000 04 c020 0e10 0013 0000 ff 000c 0000 00840058 005c005c 005e005e 7951 0000027a
196  00000200 00 08 0000 0000 01800100 00000000 03000200 00000000 0000 19 0000 00000000 00000000 2000 0008 00000000 000068fa 000013ac 0135 0000 05 c020 0e10 0013 0000 ff 000c 0000 00840058 005c005c 005e005e 7951 00000077
197  00000200 00 08 0000 0000 01800100 00000000 03000200 00000000 0000 19 0000 00000000 00000000 2000 0008 00000000 000068fa 000013ac 0135 0000 06 c020 0e10 0013 0000 ff 000c 0000 00840058 005c005c 005e005e 7951 00000092
198  00000200 00 08 0000 0000 01800100 00000000 03000200 00000000 0000 19 0000 00000000 00000000 2000 0008 00000000 000068fa 000013ac 0135 0000 04 c020 0e10 0013 0000 ff 000c 0000 00840058 005c005c 005e005e 7951 0000027a
199  00000200 00 08 0000 0000 01800100 00000000 03000200 00000000 0000 19 0000 00000000 00000000 2000 0008 00000000 000068fa 000013ac 0135 0000 05 c020 0e10 0013 0000 ff 000c 0000 00840058 005c005c 005e005e 7951 00000076
200  00000200 00 08 0000 0000 01800100 00000000 03000200 00000000 0000 19 0000 00000000 00000000 2000 0008 00000000 000068fa 000013ac 0135 0000 06 c020 0e10 0013 0000 ff 000c 0000 00840058 005c005c 005e005e 7951 00000096
201  00000200 00 08 0000 0000 01800100 00000000 03000200 00000000 0000 19 0000 00000000 00000000 2000 0008 00000000 000068fa 000013ac 0135 0000 04 c020 0e10 0013 0000 ff 000c 0000 00840058 005c005c 005e005e 7951 00000277
202  00000200 00 08 0000 0000 01800100 00000000 03000200 00000000 0000 19 0000 00000000 00000000 2000 0008 00000000 000068fa 000013ac 0135 0000 05 c020 0e10 0013 0000 ff 000c 0000 00840058 005c005c 005e005e 7951 00000076
203  00000200 00 08 0000 0000 01800100 00000000 03000200 00000000 0000 19 0000 00000000 00000000 2000 0008 00000000 000068fa 000013ac 0135 0000 06 c020 0e10 0013 0000 ff 000c 0000 00840058 005c005c 005e005e 7951 00000096
204  00000200 00 08 0000 0000 01800100 00000000 03000200 00000000 0000 19 0000 00000000 00000000 2000 0008 00000000 000068fa 000013ac 0135 0000 04 c020 0e10 0013 0000 ff 000c 0000 00840058 005c005c 005e005e 7951 00000276
205  00000200 00 08 0000 0000 01800100 00000000 03000200 00000000 0000 19 0000 00000000 00000000 2000 0008 00000000 000068fa 000013ac 0135 0000 05 c020 0e10 0013 0000 ff 000c 0000 00840058 005c005c 005e005e 7951 00000076
206  00000200 00 08 0000 0000 01800100 00000000 03000200 00000000 0000 19 0000 00000000 00000000 2000 0008 00000000 000068fa 000013ac 0135 0000 06 c020 0e10 0013 0000 ff 000c 0000 00840058 005c005c 005e005e 7951 00000096
207  00000200 00 08 0000 0000 01800100 00000000 03000200 00000000 0000 19 0000 00000000 00000000 2000 0008 00000000 000068fa 000013ac 0135 0000 04 c020 0e10 0013 0000 ff 000c 0000 00840058 005c005c 005e005e 7951 00000277
208  00000200 00 08 0000 0000 01800100 00000000 03000200 00000000 0000 19 0000 00000000 00000000 2000 0008 00000000 000068fa 000013ac 0135 0000 05 c020 0e10 0013 0000 ff 000c 0000 00840058 005c005c 005e005e 7951 00000076
209  00000200 00 08 0000 0000 01800100 00000000 03000200 00000000 0000 19 0000 00000000 00000000 2000 0008 00000000 000068fa 000013ac 0135 0000 06 c020 0e10 0013 0000 ff 000c 0000 00840058 005c005c 005e005e 7951 00000096
210  00000200 00 08 0000 0000 01800100 00000000 03000200 00000000 0000 19 0000 00000000 00000000 2000 0008 00000000 000068fa 000013ac 0135 0000 04 c020 0e10 0013 0000 ff 000c 0000 00840058 005c005c 005e005e 7951 00000276
211  00000200 00 08 0000 0000 01800100 00000000 03000200 00000000 0000 19 0000 00000000 00000000 2000 0008 00000000 000068fa 000013ac 0135 0000 05 c020 0e10 0013 0000 ff 000c 0000 00840058 005c005c 005e005e 7951 00000076
212  00000200 00 08 0000 0000 01800100 00000000 03000200 00000000 0000 19 0000 00000000 00000000 2000 0008 00000000 000068fa 000013ac 0135 0000 06 c020 0e10 0013 0000 ff 000c 0000 00840058 005c005c 005e005e 7951 00000096
213  00000200 00 08 0000 0000 01800100 00000000 03000200 00000000 0000 19 0000 00000000 00000000 2000 0008 00000000 000068fa 000013ac 0135 0000 04 c020 0e10 0013 0000 ff 000c 0000 00840058 005c005c 005e005e 7951 00000277
214  00000200 00 08 0000 0000 01800100 00000000 03000200 00000000 0000 19 0000 00000000 00000000 2000 0008 00000000 000068fa 000013ac 0135 0000 05 c020 0e10 0013 0000 ff 000c 0000 00840058 005c005c 005e005e 7951 00000076
215  00000200 00 08 0000 0000 01800100 00000000 03000200 00000000 0000 19 0000 00000000 00000000 2000 0008 00000000 000068fa 000013ac 0135 0000 06 c020 0e10 0013 0000 ff 000c 0000 00840058 005c005c 005e005e 7951 0000008c
216  00000200 00 08 0000 0000 01800100 00000000 03000200 00000000 0000 19 0000 00000000 00000000 2000 0008 00000000 000068fa 000013ac 0135 0000 04 c020 0e10 0013 0000 ff 000c 0000 00840058 005c005c 005e005e 7951 00000280
217  00000200 00 08 0000 0000 01800100 00000000 03000200 00000000 0000 19 0000 00000000 00000000 2000 0008 00000000 000068fa 000013ac 0135 0000 05 c020 0e10 0013 0000 ff 000c 0000 00840058 005c005c 005e005e 7951 00000077
218  00000200 00 08 0000 0000 01800100 00000000 03000200 00000000 0000 19 0000 00000000 00000000 2000 0008 00000000 000068fa 000013ac 0135 0000 06 c020 0e10 0013 0000 ff 000c 0000 00840058 005c005c 005e005e 7951 0000008c
219  00000200 00 08 0000 0000 01800100 00000000 03000200 00000000 0000 19 0000 00000000 00000000 2000 0008 00000000 000068fa 000013ac 0135 0000 04 c020 0e10 0013 0000 ff 000c 0000 00840058 005c005c 005e005e 7951 00000280
220  00000200 00 08 0000 0000 01800100 00000000 03000200 00000000 0000 19 0000 00000000 00000000 2000 0008 00000000 000068fa 000013ac 0135 0000 05 c020 0e10 0013 0000 ff 000c 0000 00840058 005c005c 005e005e 7951 00000076
221  00000200 00 08 0000 0000 01800100 00000000 03000200 00000000 0000 19 0000 00000000 00000000 2000 0008 00000000 000068fa 000013ac 0135 0000 06 c020 0e10 0013 0000 ff 000c 0000 00840058 005c005c 005e005e 7951 0000008c
222  00000200 00 08 0000 0000 01800100 00000000 03000200 00000000 0000 19 0000 00000000 00000000 2000 0008 00000000 000068fa 000013ac 0135 0000 04 c020 0e10 0013 0000 ff 000c 0000 00840058 005c005c 005e005e 7951 00000281
223  00000200 00 08 0000 0000 01800100 00000000 03000200 00000000 0000 19 0000 00000000 00000000 2000 0008 00000000 000068fa 000013ac 0135 0000 05 c020 0e10 0013 0000 ff 000c 0000 00840058 005c005c 005e005e 7951 00000076
224  00000200 00 08 0000 0000 01800100 00000000 03000200 00000000 0000 19 0000 00000000 00000000 2000 0008 00000000 000068fa 000013ac 0135 0000 06 c020 0e10 0013 0000 ff 000c 0000 00840058 005c005c 005e005e 7951 0000008c
225  00000200 00 08 0000 0000 01800100 00000000 03000200 00000000 0000 19 0000 00000000 00000000 2000 0008 00000000 000068fa 000013ac 0135 0000 04 c020 0e10 0013 0000 ff 000c 0000 00840058 005c005c 005e005e 7951 00000280
226  00000200 00 08 0000 0000 01800100 00000000 03000200 00000000 0000 19 0000 00000000 00000000 2000 0008 00000000 000068fa 000013ac 0135 0000 05 c020 0e10 0013 0000 ff 000c 0000 00840058 005c005c 005e005e 7951 00000076
227  00000200 00 08 0000 0000 01800100 00000000 03000200 00000000 0000 19 0000 00000000 00000000 2000 0008 00000000 000068fa 000013ac 0135 0000 06 c020 0e10 0013 0000 ff 000c 0000 00840058 005c005c 005e005e 7951 0000008c
228  00000200 00 08 0000 0000 01800100 00000000 03000200 00000000 0000 19 0000 00000000 00000000 2000 0008 00000000 000068fa 000013ac 0135 0000 04 c020 0e10 0013 0000 ff 000c 0000 00840058 005c005c 005e005e 7951 00000281
229  00000200 00 08 0000 0000 01800100 00000000 03000200 00000000 0000 19 0000 00000000 00000000 2000 0008 00000000 000068fa 000013ac 0135 0000 05 c020 0e10 0013 0000 ff 000c 0000 00840058 005c005c 005e005e 7951 00000076
230  00000200 00 08 0000 0000 01800100 00000000 03000200 00000000 0000 19 0000 00000000 00000000 2000 0008 00000000 000068fa 000013ac 0135 0000 06 c020 0e10 0013 0000 ff 000c 0000 00840058 005c005c 005e005e 7951 0000008d
231  00000200 00 08 0000 0000 01800100 00000000 03000200 00000000 0000 19 0000 00000000 00000000 2000 0008 00000000 000068fa 000013ac 0135 0000 04 c020 0e10 0013 0000 ff 000c 0000 00840058 005c005c 005e005e 7951 0000027f
232  00000200 00 08 0000 0000 01800100 00000000 03000200 00000000 0000 19 0000 00000000 00000000 2000 0008 00000000 000068fa 000013ac 0135 0000 05 c020 0e10 0013 0000 ff 000c 0000 00840058 005c005c 005e005e 7951 00000077
233  00000200 00 08 0000 0000 01800100 00000000 03000200 00000000 0000 19 0000 00000000 00000000 2000 0008 00000000 000068fa 000013ac 0135 0000 06 c020 0e10 0013 0000 ff 000c 0000 00840058 005c005c 005e005e 7951 0000008c
234  00000200 00 08 0000 0000 01800100 00000000 03000200 00000000 0000 19 0000 00000000 00000000 2000 0008 00000000 000068fa 000013ac 0135 0000 04 c020 0e10 0013 0000 ff 000c 0000 00840058 005c005c 005e005e 7951 00000280
235  00000200 00 08 0000 0000 01800100 00000000 03000200 00000000 0000 19 0000 00000000 00000000 2000 0008 00000000 000068fa 000013ac 0135 0000 05 c020 0e10 0013 0000 ff 000c 0000 00840058 005c005c 005e005e 7951 00000076
236  00000200 00 08 0000 0000 01800100 00000000 03000200 00000000 0000 19 0000 00000000 00000000 2000 0008 00000000 000068fa 000013ac 0135 0000 06 c020 0e10 0013 0000 ff 000c 0000 00840058 005c005c 005e005e 7951 0000008c
237  00000200 00 08 0000 0000 01800100 00000000 03000200 00000000 0000 19 0000 00000000 00000000 2000 0008 00000000 000068fa 000013ac 0135 0000 04 c020 0e10 0013 0000 ff 000c 0000 00840058 005c005c 005e005e 7951 00000280
238  00000200 00 08 0000 0000 01800100 00000000 03000200 00000000 0000 19 0000 00000000 00000000 2000 0008 00000000 000068fa 000013ac 0135 0000 05 c020 0e10 0013 0000 ff 000c 0000 00840058 005c005c 005e005e 7951 00000077
239  00000200 00 08 0000 0000 01800100 00000000 03000200 00000000 0000 19 0000 00000000 00000000 2000 0008 00000000 000068fa 000013ac 0135 0000 06 c020 0e10 0013 0000 ff 000c 0000 00840058 005c005c 005e005e 7951 0000008c
240  00000200 00 08 0000 0000 01800100 00000000 03000200 00000000 0000 19 0000 00000000 00000000 2000 0008 00000000 000068fa 000013ac 0135 0000 04 c020 0e10 0013 0000 ff 000c 0000 00840058 005c005c 005e005e 7951 00000280
241  00000200 00 08 0000 0000 01800100 00000000 03000200 00000000 0000 19 0000 00000000 00000000 2000 0008 00000000 000068fa 000013ac 0135 0000 05 c020 0e10 0013 0000 ff 000c 0000 00840058 005c005c 005e005e 7951 00000077
242  00000200 00 08 0000 0000 01800100 00000000 03000200 00000000 0000 19 0000 00000000 00000000 2000 0008 00000000 000068fa 000013ac 0135 0000 06 c020 0e10 0013 0000 ff 000c 0000 00840058 005c005c 005e005e 7951 0000008b
243  00000200 00 08 0000 0000 01800100 00000000 03000200 00000000 0000 19 0000 00000000 00000000 2000 0008 00000000 000068fa 000013ac 0135 0000 04 c020 0e10 0013 0000 ff 000c 0000 00840058 005c005c 005e005e 7951 00000280
244  00000200 00 08 0000 0000 01800100 00000000 03000200 00000000 0000 19 0000 00000000 00000000 2000 0008 00000000 000068fa 000013ac 0135 0000 05 c020 0e10 0013 0000 ff 000c 0000 00840058 005c005c 005e005e 7951 00000077
245  00000200 00 08 0000 0000 01800100 00000000 03000200 00000000 0000 19 0000 00000000 00000000 2000 0008 00000000 000068fa 000013ac 0135 0000 06 c020 0e10 0013 0000 ff 000c 0000 00840058 005c005c 005e005e 7951 0000008c
246  00000200 00 08 0000 0000 01800100 00000000 03000200 00000000 0000 19 0000 00000000 00000000 2000 0008 00000000 000068fa 000013ac 0135 0000 04 c020 0e10 0013 0000 ff 000c 0000 00840058 005c005c 005e005e 7951 00000280
247  00000200 00 08 0000 0000 01800100 00000000 03000200 00000000 0000 19 0000 00000000 00000000 2000 0008 00000000 000068fa 000013ac 0135 0000 05 c020 0e10 0013 0000 ff 000c 0000 00840058 005c005c 005e005e 7951 00000077
248  00000200 00 08 0000 0000 01800100 00000000 03000200 00000000 0000 19 0000 00000000 00000000 2000 0008 00000000 000068fa 000013ac 0135 0000 06 c020 0e10 0013 0000 ff 000c 0000 00840058 005c005c 005e005e 7951 0000008c
249  00000200 00 08 0000 0000 01800100 00000000 03000200 00000000 0000 19 0000 00000000 00000000 2000 0008 00000000 000068fa 000013ac 0135 0000 04 c020 0e10 0013 0000 ff 000c 0000 00840058 005c005c 005e005e 7951 00000280
250  00000200 00 08 0000 0000 01800100 00000000 03000200 00000000 0000 19 0000 00000000 00000000 2000 0008 00000000 000068fa 000013ac 0135 0000 05 c020 0e10 0013 0000 ff 000c 0000 00840058 005c005c 005e005e 7951 00000076
251  00000200 00 08 0000 0000 01800100 00000000 03000200 00000000 0000 19 0000 00000000 00000000 2000 0008 00000000 000068fa 000013ac 0135 0000 06 c020 0e10 0013 0000 ff 000c 0000 00840058 005c005c 005e005e 7951 0000008c
252  00000200 00 08 0000 0000 01800100 00000000 03000200 00000000 0000 19 0000 00000000 00000000 2000 0008 00000000 000068fa 000013ac 0135 0000 04 c020 0e10 0013 0000 ff 000c 0000 00840058 005c005c 005e005e 7951 00000280
253  00000200 00 08 0000 0000 01800100 00000000 03000200 00000000 0000 19 0000 00000000 00000000 2000 0008 00000000 000068fa 000013ac 0135 0000 05 c020 0e10 0013 0000 ff 000c 0000 00840058 005c005c 005e005e 7951 00000077
254  00000200 00 08 0000 0000 01800100 00000000 03000200 00000000 0000 19 0000 00000000 00000000 2000 0008 00000000 000068fa 000013ac 0135 0000 06 c020 0e10 0013 0000 ff 000c 0000 00840058 005c005c 005e005e 7951 0000008b
255  00000200 00 08 0000 0000 01800100 00000000 03000200 00000000 0000 19 0000 00000000 00000000 2000 0008 00000000 000068fa 000013ac 0135 0000 04 c020 0e10 0013 0000 ff 000c 0000 00840058 005c005c 005e005e 7951 00000281
256  00000200 00 08 0000 0000 01800100 00000000 03000200 00000000 0000 19 0000 00000000 00000000 2000 0008 00000000 000068fa 000013ac 0135 0000 05 c020 0e10 0013 0000 ff 000c 0000 00840058 005c005c 005e005e 7951 00000076
257  00000200 00 08 0000 0000 01800100 00000000 03000200 00000000 0000 19 0000 00000000 00000000 2000 0008 00000000 000068fa 000013ac 0135 0000 06 c020 0e10 0013 0000 ff 000c 0000 00840058 005c005c 005e005e 7951 0000008c
258  00000200 00 08 0000 0000 01800100 00000000 03000200 00000000 0000 19 0000 00000000 00000000 2000 0008 00000000 000068fa 000013ac 0135 0000 04 c020 0e10 0013 0000 ff 000c 0000 00840058 005c005c 005e005e 7951 00000280
259  00000200 00 08 0000 0000 01800100 00000000 03000200 00000000 0000 19 0000 00000000 00000000 2000 0008 00000000 000068fa 000013ac 0135 0000 05 c020 0e10 0013 0000 ff 000c 0000 00840058 005c005c 005e005e 7951 00000077
260  00000200 00 08 0000 0000 01800100 00000000 03000200 00000000 0000 19 0000 00000000 00000000 2000 0008 00000000 000068fa 000013ac 0135 0000 06 c020 0e10 0013 0000 ff 000c 0000 00840058 005c005c 005e005e 7951 0000008c
261  00000200 00 08 0000 0000 01800100 00000000 03000200 00000000 0000 19 0000 00000000 00000000 2000 0008 00000000 000068fa 000013ac 0135 0000 04 c020 0e10 0013 0000 ff 000c 0000 00840058 005c005c 005e005e 7951 00000280
262  00000200 00 08 0000 0000 01800100 00000000 03000200 00000000 0000 19 0000 00000000 00000000 2000 0008 00000000 000068fa 000013ac 0135 0000 05 c020 0e10 0013 0000 ff 000c 0000 00840058 005c005c 005e005e 7951 00000077
263  00000200 00 08 0000 0000 01800100 00000000 03000200 00000000 0000 19 0000 00000000 00000000 2000 0008 00000000 000068fa 000013ac 0135 0000 06 c020 0e10 0013 0000 ff 000c 0000 00840058 005c005c 005e005e 7951 0000008c
264  00000200 00 08 0000 0000 01800100 00000000 03000200 00000000 0000 19 0000 00000000 00000000 2000 0008 00000000 000068fa 000013ac 0135 0000 04 c020 0e10 0013 0000 ff 000c 0000 00840058 005c005c 005e005e 7951 0000027f
265  00000200 00 08 0000 0000 01800100 00000000 03000200 00000000 0000 19 0000 00000000 00000000 2000 0008 00000000 000068fa 000013ac 0135 0000 05 c020 0e10 0013 0000 ff 000c 0000 00840058 005c005c 005e005e 7951 00000077
266  00000200 00 08 0000 0000 01800100 00000000 03000200 00000000 0000 19 0000 00000000 00000000 2000 0008 00000000 000068fa 000013ac 0135 0000 06 c020 0e10 0013 0000 ff 000c 0000 00840058 005c005c 005e005e 7951 0000008c
267  00000200 00 08 0000 0000 01800100 00000000 03000200 00000000 0000 19 0000 00000000 00000000 2000 0008 00000000 000068fa 000013ac 0135 0000 04 c020 0e10 0013 0000 ff 000c 0000 00840058 005c005c 005e005e 7951 00000280
268  00000200 00 08 0000 0000 01800100 00000000 03000200 00000000 0000 19 0000 00000000 00000000 2000 0008 00000000 000068fa 000013ac 0135 0000 05 c020 0e10 0013 0000 ff 000c 0000 00840058 005c005c 005e005e 7951 00000077
269  00000200 00 08 0000 0000 01800100 00000000 03000200 00000000 0000 19 0000 00000000 00000000 2000 0008 00000000 000068fa 000013ac 0135 0000 06 c020 0e10 0013 0000 ff 000c 0000 00840058 005c005c 005e005e 7951 0000008c
270  00000200 00 08 0000 0000 01800100 00000000 03000200 00000000 0000 19 0000 00000000 00000000 2000 0008 00000000 000068fa 000013ac 0135 0000 04 c020 0e10 0013 0000 ff 000c 0000 00840058 005c005c 005e005e 7951 00000280
271  00000200 00 08 0000 0000 01800100 00000000 03000200 00000000 0000 19 0000 00000000 00000000 2000 0008 00000000 000068fa 000013ac 0135 0000 05 c020 0e10 0013 0000 ff 000c 0000 00840058 005c005c 005e005e 7951 00000076
272  00000200 00 08 0000 0000 01800100 00000000 03000200 00000000 0000 19 0000 00000000 00000000 2000 0008 00000000 000068fa 000013ac 0135 0000 06 c020 0e10 0013 0000 ff 000c 0000 00840058 005c005c 005e005e 7951 0000008d
273  00000200 00 08 0000 0000 01800100 00000000 03000200 00000000 0000 19 0000 00000000 00000000 2000 0008 00000000 000068fa 000013ac 0135 0000 04 c020 0e10 0013 0000 ff 000c 0000 00840058 005c005c 005e005e 7951 0000027f
274  00000200 00 08 0000 0000 01800100 00000000 03000200 00000000 0000 19 0000 00000000 00000000 2000 0008 00000000 000068fa 000013ac 0135 0000 05 c020 0e10 0013 0000 ff 000c 0000 00840058 005c005c 005e005e 7951 00000076
275  00000200 00 08 0000 0000 01800100 00000000 03000200 00000000 0000 19 0000 00000000 00000000 2000 0008 00000000 000068fa 000013ac 0135 0000 06 c020 0e10 0013 0000 ff 000c 0000 00840058 005c005c 005e005e 7951 0000008c
276  00000200 00 08 0000 0000 01800100 00000000 03000200 00000000 0000 19 0000 00000000 00000000 2000 0008 00000000 000068fa 000013ac 0135 0000 04 c020 0e10 0013 0000 ff 000c 0000 00840058 005c005c 005e005e 7951 00000281
277  00000200 00 08 0000 0000 01800100 00000000 03000200 00000000 0000 19 0000 00000000 00000000 2000 0008 00000000 000068fa 000013ac 0135 0000 05 c020 0e10 0013 0000 ff 000c 0000 00840058 005c005c 005e005e 7951 00000077
278  00000200 00 08 0000 0000 01800100 00000000 03000200 00000000 0000 19 0000 00000000 00000000 2000 0008 00000000 000068fa 000013ac 0135 0000 06 c020 0e10 0013 0000 ff 000c 0000 00840058 005c005c 005e005e 7951 0000008c
279  00000200 00 08 0000 0000 01800100 00000000 03000200 00000000 0000 19 0000 00000000 00000000 2000 0008 00000000 000068fa 000013ac 0135 0000 04 c020 0e10 0013 0000 ff 000c 0000 00840058 005c005c 005e005e 7951 0000027f
280  00000200 00 08 0000 0000 01800100 00000000 03000200 00000000 0000 19 0000 00000000 00000000 2000 0008 00000000 000068fa 000013ac 0135 0000 05 c020 0e10 0013 0000 ff 000c 0000 00840058 005c005c 005e005e 7951 00000077
281  00000200 00 08 0000 0000 01800100 00000000 03000200 00000000 0000 19 0000 00000000 00000000 2000 0008 00000000 000068fa 000013ac 0135 0000 06 c020 0e10 0013 0000 ff 000c 0000 00840058 005c005c 005e005e 7951 0000008b
282  00000200 00 08 0000 0000 01800100 00000000 03000200 00000000 0000 19 0000 00000000 00000000 2000 0008 00000000 000068fa 000013ac 0135 0000 04 c020 0e10 0013 0000 ff 000c 0000 00840058 005c005c 005e005e 7951 00000281
283  00000200 00 08 0000 0000 01800100 00000000 03000200 00000000 0000 19 0000 00000000 00000000 2000 0008 00000000 000068fa 000013ac 0135 0000 05 c020 0e10 0013 0000 ff 000c 0000 00840058 005c005c 005e005e 7951 00000076
284  00000200 00 08 0000 0000 01800100 00000000 03000200 00000000 0000 19 0000 00000000 00000000 2000 0008 00000000 000068fa 000013ac 0135 0000 06 c020 0e10 0013 0000 ff 000c 0000 00840058 005c005c 005e005e 7951 0000008c
285  00000200 00 08 0000 0000 01800100 00000000 03000200 00000000 0000 19 0000 00000000 00000000 2000 0008 00000000 000068fa 000013ac 0135 0000 04 c020 0e10 0013 0000 ff 000c 0000 00840058 005c005c 005e005e 7951 00000280
286  00000200 00 08 0000 0000 01800100 00000000 03000200 00000000 0000 19 0000 00000000 00000000 2000 0008 00000000 000068fa 000013ac 0135 0000 05 c020 0e10 0013 0000 ff 000c 0000 00840058 005c005c 005e005e 7951 00000077
287  00000200 00 08 0000 0000 01800100 00000000 03000200 00000000 0000 19 0000 00000000 00000000 2000 0008 00000000 000068fa 000013ac 0135 0000 06 c020 0e10 0013 0000 ff 000c 0000 00840058 005c005c 005e005e 7951 0000008c
288  00000200 00 08 0000 0000 01800100 00000000 03000200 00000000 0000 19 0000 00000000 00000000 2000 0008 00000000 000068fa 000013ac 0135 0000 04 c020 0e10 0013 0000 ff 000c 0000 00840058 005c005c 005e005e 7951 00000280
289  00000200 00 08 0000 0000 01800100 00000000 03000200 00000000 0000 19 0000 00000000 00000000 2000 0008 00000000 000068fa 000013ac 0135 0000 05 c020 0e10 0013 0000 ff 000c 0000 00840058 005c005c 005e005e 7951 00000077
290  00000200 00 08 0000 0000 01800100 00000000 03000200 00000000 0000 19 0000 00000000 00000000 2000 0008 00000000 000068fa 000013ac 0135 0000 06 c020 0e10 0013 0000 ff 000c 0000 00840058 005c005c 005e005e 7951 0000008c
291  00000200 00 08 0000 0000 01800100 00000000 03000200 00000000 0000 19 0000 00000000 00000000 2000 0008 00000000 000068fa 000013ac 0135 0000 04 c020 0e10 0013 0000 ff 000c 0000 00840058 005c005c 005e005e 7951 0000027f
292  00000200 00 08 0000 0000 01800100 00000000 03000200 00000000 0000 19 0000 00000000 00000000 2000 0008 00000000 000068fa 000013ac 0135 0000 05 c020 0e10 0013 0000 ff 000c 0000 00840058 005c005c 005e005e 7951 00000077
293  00000200 00 08 0000 0000 01800100 00000000 03000200 00000000 0000 19 0000 00000000 00000000 2000 0008 00000000 000068fa 000013ac 0135 0000 06 c020 0e10 0013 0000 ff 000c 0000 00840058 005c005c 005e005e 7951 0000008c
294  00000200 00 08 0000 0000 01800100 00000000 03000200 00000000 0000 19 0000 00000000 00000000 2000 0008 00000000 000068fa 000013ac 0135 0000 04 c020 0e10 0013 0000 ff 000c 0000 00840058 005c005c 005e005e 7951 00000280
295  00000200 00 08 0000 0000 01800100 00000000 03000200 00000000 0000 19 0000 00000000 00000000 2000 0008 00000000 000068fa 000013ac 0135 0000 05 c020 0e10 0013 0000 ff 000c 0000 00840058 005c005c 005e005e 7951 00000077
296  00000200 00 08 0000 0000 01800100 00000000 03000200 00000000 0000 19 0000 00000000 00000000 2000 0008 00000000 000068fa 000013ac 0135 0000 06 c020 0e10 0013 0000 ff 000c 0000 00840058 005c005c 005e005e 7951 0000008c
297  00000200 00 08 0000 0000 01800100 00000000 03000200 00000000 0000 19 0000 00000000 00000000 2000 0008 00000000 000068fa 000013ac 0135 0000 04 c020 0e10 0013 0000 ff 000c 0000 00840058 005c005c 005e005e 7951 00000280
298  00000200 00 08 0000 0000 01800100 00000000 03000200 00000000 0000 19 0000 00000000 00000000 2000 0008 00000000 000068fa 000013ac 0135 0000 05 c020 0e10 0013 0000 ff 000c 0000 00840058 005c005c 005e005e 7951 00000077
299  00000200 00 08 0000 0000 01800100 00000000 03000200 00000000 0000 19 0000 00000000 00000000 2000 0008 00000000 000068fa 000013ac 0135 0000 06 c020 0e10 0013 0000 ff 000c 0000 00840058 005c005c 005e005e 7951 0000008c
300  00000200 00 08 0000 0000 01800100 00000000 03000200 00000000 0000 19 0000 00000000 00000000 2000 0008 00000000 000068fa 000013ac 0135 0000 04 c020 0e10 0013 0000 ff 000c 0000 00840058 005c005c 005e005e 7951 0000027f
301  00000200 00 08 0000 0000 01800100 00000000 03000200 00000000 0000 19 0000 00000000 00000000 2000 0008 00000000 000068fa 000013ac 0135 0000 05 c020 0e10 0013 0000 ff 000c 0000 00840058 005c005c 005e005e 7951 00000077
302  00000200 00 08 0000 0000 01800100 00000000 03000200 00000000 0000 19 0000 00000000 00000000 2000 0008 00000000 000068fa 000013ac 0135 0000 06 c020 0e10 0013 0000 ff 000c 0000 00840058 005c005c 005e005e 7951 0000008c
303  00000200 00 08 0000 0000 01800100 00000000 03000200 00000000 0000 19 0000 00000000 00000000 2000 0008 00000000 000068fa 000013ac 0135 0000 04 c020 0e10 0013 0000 ff 000c 0000 00840058 005c005c 005e005e 7951 00000280
304  00000200 00 08 0000 0000 01800100 00000000 03000200 00000000 0000 19 0000 00000000 00000000 2000 0008 00000000 000068fa 000013ac 0135 0000 05 c020 0e10 0013 0000 ff 000c 0000 00840058 005c005c 005e005e 7951 00000077
305  00000200 00 08 0000 0000 01800100 00000000 03000200 00000000 0000 19 0000 00000000 00000000 2000 0008 00000000 000068fa 000013ac 0135 0000 06 c020 0e10 0013 0000 ff 000c 0000 00840058 005c005c 005e005e 7951 0000008c
306  00000200 00 08 0000 0000 01800100 00000000 03000200 00000000 0000 19 0000 00000000 00000000 2000 0008 00000000 000068fa 000013ac 0135 0000 04 c020 0e10 0013 0000 ff 000c 0000 00840058 005c005c 005e005e 7951 0000027f
307  00000200 00 08 0000 0000 01800100 00000000 03000200 00000000 0000 19 0000 00000000 00000000 2000 0008 00000000 000068fa 000013ac 0135 0000 05 c020 0e10 0013 0000 ff 000c 0000 00840058 005c005c 005e005e 7951 00000077
308  00000200 00 08 0000 0000 01800100 00000000 03000200 00000000 0000 19 0000 00000000 00000000 2000 0008 00000000 000068fa 000013ac 0135 0000 06 c020 0e10 0013 0000 ff 000c 0000 00840058 005c005c 005e005e 7951 0000008c
309  00000200 00 08 0000 0000 01800100 00000000 03000200 00000000 0000 19 0000 00000000 00000000 2000 0008 00000000 000068fa 000013ac 0135 0000 04 c020 0e10 0013 0000 ff 000c 0000 00840058 005c005c 005e005e 7951 00000280
310  00000200 00 08 0000 0000 01800100 00000000 03000200 00000000 0000 19 0000 00000000 00000000 2000 0008 00000000 000068fa 000013ac 0135 0000 05 c020 0e10 0013 0000 ff 000c 0000 00840058 005c005c 005e005e 7951 00000077
311  00000200 00 08 0000 0000 01800100 00000000 03000200 00000000 0000 19 0000 00000000 00000000 2000 0008 00000000 000068fa 000013ac 0135 0000 06 c020 0e10 0013 0000 ff 000c 0000 00840058 005c005c 005e005e 7951 0000008c
312  00000200 00 08 0000 0000 01800100 00000000 03000200 00000000 0000 19 0000 00000000 00000000 2000 0008 00000000 000068fa 000013ac 0135 0000 04 c020 0e10 0013 0000 ff 000c 0000 00840058 005c005c 005e005e 7951 00000280
313  00000200 00 08 0000 0000 01800100 00000000 03000200 00000000 0000 19 0000 00000000 00000000 2000 0008 00000000 000068fa 000013ac 0135 0000 05 c020 0e10 0013 0000 ff 000c 0000 00840058 005c005c 005e005e 7951 00000076
314  00000200 00 08 0000 0000 01800100 00000000 03000200 00000000 0000 19 0000 00000000 00000000 2000 0008 00000000 000068fa 000013ac 0135 0000 06 c020 0e10 0013 0000 ff 000c 0000 00840058 005c005c 005e005e 7951 0000008c
315  00000200 00 08 0000 0000 01800100 00000000 03000200 00000000 0000 19 0000 00000000 00000000 2000 0008 00000000 000068fa 000013ac 0135 0000 04 c020 0e10 0013 0000 ff 000c 0000 00840058 005c005c 005e005e 7951 00000280
316  00000200 00 08 0000 0000 01800100 00000000 03000200 00000000 0000 19 0000 00000000 00000000 2000 0008 00000000 000068fa 000013ac 0135 0000 05 c020 0e10 0013 0000 ff 000c 0000 00840058 005c005c 005e005e 7951 00000077
317  00000200 00 08 0000 0000 01800100 00000000 03000200 00000000 0000 19 0000 00000000 00000000 2000 0008 00000000 000068fa 000013ac 0135 0000 06 c020 0e10 0013 0000 ff 000c 0000 00840058 005c005c 005e005e 7951 0000008c
318  00000200 00 08 0000 0000 01800100 00000000 03000200 00000000 0000 19 0000 00000000 00000000 2000 0008 00000000 000068fa 000013ac 0135 0000 04 c020 0e10 0013 0000 ff 000c 0000 00840058 005c005c 005e005e 7951 00000280
319  00000200 00 08 0000 0000 01800100 00000000 03000200 00000000 0000 19 0000 00000000 00000000 2000 0008 00000000 000068fa 000013ac 0135 0000 05 c020 0e10 0013 0000 ff 000c 0000 00840058 005c005c 005e005e 7951 00000076
320  00000200 00 08 0000 0000 01800100 00000000 03000200 00000000 0000 19 0000 00000000 00000000 2000 0008 00000000 000068fa 000013ac 0135 0000 06 c020 0e10 0013 0000 ff 000c 0000 00840058 005c005c 005e005e 7951 0000008c
321  00000200 00 08 0000 0000 01800100 00000000 03000200 00000000 0000 19 0000 00000000 00000000 2000 0008 00000000 000068fa 000013ac 0135 0000 04 c020 0e10 0013 0000 ff 000c 0000 00840058 005c005c 005e005e 7951 00000281
322  00000200 00 08 0000 0000 01800100 00000000 03000200 00000000 0000 19 0000 00000000 00000000 2000 0008 00000000 000068fa 000013ac 0135 0000 05 c020 0e10 0013 0000 ff 000c 0000 00840058 005c005c 005e005e 7951 00000076
323  00000200 00 08 0000 0000 01800100 00000000 03000200 00000000 0000 19 0000 00000000 00000000 2000 0008 00000000 000068fa 000013ac 0135 0000 06 c020 0e10 0013 0000 ff 000c 0000 00840058 005c005c 005e005e 7951 0000008c
324  00000200 00 08 0000 0000 01800100 00000000 03000200 00000000 0000 19 0000 00000000 00000000 2000 0008 00000000 000068fa 000013ac 0135 0000 04 c020 0e10 0013 0000 ff 000c 0000 00840058 005c005c 005e005e 7951 00000280
325  00000200 00 08 0000 0000 01800100 00000000 03000200 00000000 0000 19 0000 00000000 00000000 2000 0008 00000000 000068fa 000013ac 0135 0000 05 c020 0e10 0013 0000 ff 000c 0000 00840058 005c005c 005e005e 7951 00000076
326  00000200 00 08 0000 0000 01800100 00000000 03000200 00000000 0000 19 0000 00000000 00000000 2000 0008 00000000 000068fa 000013ac 0135 0000 06 c020 0e10 0013 0000 ff 000c 0000 00840058 005c005c 005e005e 7951 0000008d
327  00000200 00 08 0000 0000 01800100 00000000 03000200 00000000 0000 19 0000 00000000 00000000 2000 0008 00000000 000068fa 000013ac 0135 0000 04 c020 0e10 0013 0000 ff 000c 0000 00840058 005c005c 005e005e 7951 00000280
328  00000200 00 08 0000 0000 01800100 00000000 03000200 00000000 0000 19 0000 00000000 00000000 2000 0008 00000000 000068fa 000013ac 0135 0000 05 c020 0e10 0013 0000 ff 000c 0000 00840058 005c005c 005e005e 7951 00000076
329  00000200 00 08 0000 0000 01800100 00000000 03000200 00000000 0000 19 0000 00000000 00000000 2000 0008 00000000 000068fa 000013ac 0135 0000 06 c020 0e10 0013 0000 ff 000c 0000 00840058 005c005c 005e005e 7951 0000008c
330  00000200 00 08 0000 0000 01800100 00000000 03000200 00000000 0000 19 0000 00000000 00000000 2000 0008 00000000 000068fa 000013ac 0135 0000 04 c020 0e10 0013 0000 ff 000c 0000 00840058 005c005c 005e005e 7951 00000280
331  00000200 00 08 0000 0000 01800100 00000000 03000200 00000000 0000 19 0000 00000000 00000000 2000 0008 00000000 000068fa 000013ac 0135 0000 05 c020 0e10 0013 0000 ff 000c 0000 00840058 005c005c 005e005e 7951 00000077
332  00000200 00 08 0000 0000 01800100 00000000 03000200 00000000 0000 19 0000 00000000 00000000 2000 0008 00000000 000068fa 000013ac 0135 0000 06 c020 0e10 0013 0000 ff 000c 0000 00840058 005c005c 005e005e 7951 0000008c
333  00000200 00 08 0000 0000 01800100 00000000 03000200 00000000 0000 19 0000 00000000 00000000 2000 0008 00000000 000068fa 000013ac 0135 0000 04 c020 0e10 0013 0000 ff 000c 0000 00840058 005c005c 005e005e 7951 00000280
334  00000200 00 08 0000 0000 01800100 00000000 03000200 00000000 0000 19 0000 00000000 00000000 2000 0008 00000000 000068fa 000013ac 0135 0000 05 c020 0e10 0013 0000 ff 000c 0000 00840058 005c005c 005e005e 7951 00000076
335  00000200 00 08 0000 0000 01800100 00000000 03000200 00000000 0000 19 0000 00000000 00000000 2000 0008 00000000 000068fa 000013ac 0135 0000 06 c020 0e10 0013 0000 ff 000c 0000 00840058 005c005c 005e005e 7951 0000008c
336  00000200 00 08 0000 0000 01800100 00000000 03000200 00000000 0000 19 0000 00000000 00000000 2000 0008 00000000 000068fa 000013ac 0135 0000 04 c020 0e10 0013 0000 ff 000c 0000 00840058 005c005c 005e005e 7951 00000280
337  00000200 00 08 0000 0000 01800100 00000000 03000200 00000000 0000 19 0000 00000000 00000000 2000 0008 00000000 000068fa 000013ac 0135 0000 05 c020 0e10 0013 0000 ff 000c 0000 00840058 005c005c 005e005e 7951 00000076
338  00000200 00 08 0000 0000 01800100 00000000 03000200 00000000 0000 19 0000 00000000 00000000 2000 0008 00000000 000068fa 000013ac 0135 0000 06 c020 0e10 0013 0000 ff 000c 0000 00840058 005c005c 005e005e 7951 0000008c
339  00000200 00 08 0000 0000 01800100 00000000 03000200 00000000 0000 19 0000 00000000 00000000 2000 0008 00000000 000068fa 000013ac 0135 0000 04 c020 0e10 0013 0000 ff 000c 0000 00840058 005c005c 005e005e 7951 00000281
340  00000200 00 08 0000 0000 01800100 00000000 03000200 00000000 0000 19 0000 00000000 00000000 2000 0008 00000000 000068fa 000013ac 0135 0000 05 c020 0e10 0013 0000 ff 000c 0000 00840058 005c005c 005e005e 7951 00000076
341  00000200 00 08 0000 0000 01800100 00000000 03000200 00000000 0000 19 0000 00000000 00000000 2000 0008 00000000 000068fa 000013ac 0135 0000 06 c020 0e10 0013 0000 ff 000c 0000 00840058 005c005c 005e005e 7951 0000008c
342  00000200 00 08 0000 0000 01800100 00000000 03000200 00000000 0000 19 0000 00000000 00000000 2000 0008 00000000 000068fa 000013ac 0135 0000 04 c020 0e10 0013 0000 ff 000c 0000 00840058 005c005c 005e005e 7951 00000280
343  00000200 00 08 0000 0000 01800100 00000000 03000200 00000000 0000 19 0000 00000000 00000000 2000 0008 00000000 000068fa 000013ac 0135 0000 05 c020 0e10 0013 0000 ff 000c 0000 00840058 005c005c 005e005e 7951 00000077
344  00000200 00 08 0000 0000 01800100 00000000 03000200 00000000 0000 19 0000 00000000 00000000 2000 0008 00000000 000068fa 000013ac 0135 0000 06 c020 0e10 0013 0000 ff 000c 0000 00840058 005c005c 005e005e 7951 0000008c
345  00000200 00 08 0000 0000 01800100 00000000 03000200 00000000 0000 19 0000 00000000 00000000 2000 0008 00000000 000068fa 000013ac 0135 0000 04 c020 0e10 0013 0000 ff 000c 0000 00840058 005c005c 005e005e 7951 00000280
346  00000200 00 08 0000 0000 01800100 00000000 03000200 00000000 0000 19 0000 00000000 00000000 2000 0008 00000000 000068fa 000013ac 0135 0000 05 c020 0e10 0013 0000 ff 000c 0000 00840058 005c005c 005e005e 7951 00000076
347  00000200 00 08 0000 0000 01800100 00000000 03000200 00000000 0000 19 0000 00000000 00000000 2000 0008 00000000 000068fa 000013ac 0135 0000 06 c020 0e10 0013 0000 ff 000c 0000 00840058 005c005c 005e005e 7951 0000008c
348  00000200 00 08 0000 0000 01800100 00000000 03000200 00000000 0000 19 0000 00000000 00000000 2000 0008 00000000 000068fa 000013ac 0135 0000 04 c020 0e10 0013 0000 ff 000c 0000 00840058 005c005c 005e005e 7951 00000281
349  00000200 00 08 0000 0000 01800100 00000000 03000200 00000000 0000 19 0000 00000000 00000000 2000 0008 00000000 000068fa 000013ac 0135 0000 05 c020 0e10 0013 0000 ff 000c 0000 00840058 005c005c 005e005e 7951 00000076
350  00000200 00 08 0000 0000 01800100 00000000 03000200 00000000 0000 19 0000 00000000 00000000 2000 0008 00000000 000068fa 000013ac 0135 0000 06 c020 0e10 0013 0000 ff 000c 0000 00840058 005c005c 005e005e 7951 0000008c
351  00000200 00 08 0000 0000 01800100 00000000 03000200 00000000 0000 19 0000 00000000 00000000 2000 0008 00000000 000068fa 000013ac 0135 0000 04 c020 0e10 0013 0000 ff 000c 0000 00840058 005c005c 005e005e 7951 00000280
352  00000200 00 08 0000 0000 01800100 00000000 03000200 00000000 0000 19 0000 00000000 00000000 2000 0008 00000000 000068fa 000013ac 0135 0000 05 c020 0e10 0013 0000 ff 000c 0000 00840058 005c005c 005e005e 7951 00000077
353  00000200 00 08 0000 0000 01800100 00000000 03000200 00000000 0000 19 0000 00000000 00000000 2000 0008 00000000 000068fa 000013ac 0135 0000 06 c020 0e10 0013 0000 ff 000c 0000 00840058 005c005c 005e005e 7951 0000008c
354  00000200 00 08 0000 0000 01800100 00000000 03000200 00000000 0000 19 0000 00000000 00000000 2000 0008 00000000 000068fa 000013ac 0135 0000 04 c020 0e10 0013 0000 ff 000c 0000 00840058 005c005c 005e005e 7951 00000280
355  00000200 00 08 0000 0000 01800100 00000000 03000200 00000000 0000 19 0000 00000000 00000000 2000 0008 00000000 000068fa 000013ac 0135 0000 05 c020 0e10 0013 0000 ff 000c 0000 00840058 005c005c 005e005e 7951 00000076
356  00000200 00 08 0000 0000 01800100 00000000 03000200 00000000 0000 19 0000 00000000 00000000 2000 0008 00000000 000068fa 000013ac 0135 0000 06 c020 0e10 0013 0000 ff 000c 0000 00840058 005c005c 005e005e 7951 0000008c
357  00000200 00 08 0000 0000 01800100 00000000 03000200 00000000 0000 19 0000 00000000 00000000 2000 0008 00000000 000068fa 000013ac 0135 0000 04 c020 0e10 0013 0000 ff 000c 0000 00840058 005c005c 005e005e 7951 00000280
358  00000200 00 08 0000 0000 01800100 00000000 03000200 00000000 0000 19 0000 00000000 00000000 2000 0008 00000000 000068fa 000013ac 0135 0000 05 c020 0e10 0013 0000 ff 000c 0000 00840058 005c005c 005e005e 7951 00000077
359  00000200 00 08 0000 0000 01800100 00000000 03000200 00000000 0000 19 0000 00000000 00000000 2000 0008 00000000 000068fa 000013ac 0135 0000 06 c020 0e10 0013 0000 ff 000c 0000 00840058 005c005c 005e005e 7951 0000008c
360  00000200 00 08 0000 0000 01800100 00000000 03000200 00000000 0000 19 0000 00000000 00000000 2000 0008 00000000 000068fa 000013ac 0135 0000 04 c020 0e10 0013 0000 ff 000c 0000 00840058 005c005c 005e005e 7951 00000280
361  00000200 00 08 0000 0000 01800100 00000000 03000200 00000000 0000 19 0000 00000000 00000000 2000 0008 00000000 000068fa 000013ac 0135 0000 05 c020 0e10 0013 0000 ff 000c 0000 00840058 005c005c 005e005e 7951 00000076
362  00000200 00 08 0000 0000 01800100 00000000 03000200 00000000 0000 19 0000 00000000 00000000 2000 0008 00000000 000068fa 000013ac 0135 0000 06 c020 0e10 0013 0000 ff 000c 0000 00840058 005c005c 005e005e 7951 0000008c
363  00000200 00 08 0000 0000 01800100 00000000 03000200 00000000 0000 19 0000 00000000 00000000 2000 0008 00000000 000068fa 000013ac 0135 0000 04 c020 0e10 0013 0000 ff 000c 0000 00840058 005c005c 005e005e 7951 00000280
364  00000200 00 08 0000 0000 01800100 00000000 03000200 00000000 0000 19 0000 00000000 00000000 2000 0008 00000000 000068fa 000013ac 0135 0000 05 c020 0e10 0013 0000 ff 000c 0000 00840058 005c005c 005e005e 7951 00000077
365  00000200 00 08 0000 0000 01800100 00000000 03000200 00000000 0000 19 0000 00000000 00000000 2000 0008 00000000 000068fa 000013ac 0135 0000 06 c020 0e10 0013 0000 ff 000c 0000 00840058 005c005c 005e005e 7951 0000008c
366  00000200 00 08 0000 0000 01800100 00000000 03000200 00000000 0000 19 0000 00000000 00000000 2000 0008 00000000 000068fa 000013ac 0135 0000 04 c020 0e10 0013 0000 ff 000c 0000 00840058 005c005c 005e005e 7951 00000280
367  00000200 00 08 0000 0000 01800100 00000000 03000200 00000000 0000 19 0000 00000000 00000000 2000 0008 00000000 000068fa 000013ac 0135 0000 05 c020 0e10 0013 0000 ff 000c 0000 00840058 005c005c 005e005e 7951 00000076
368  00000200 00 08 0000 0000 01800100 00000000 03000200 00000000 0000 19 0000 00000000 00000000 2000 0008 00000000 000068fa 000013ac 0135 0000 06 c020 0e10 0013 0000 ff 000c 0000 00840058 005c005c 005e005e 7951 0000008c
369  00000200 00 08 0000 0000 01800100 00000000 03000200 00000000 0000 19 0000 00000000 00000000 2000 0008 00000000 000068fa 000013ac 0135 0000 04 c020 0e10 0013 0000 ff 000c 0000 00840058 005c005c 005e005e 7951 00000281
370  00000200 00 08 0000 0000 01800100 00000000 03000200 00000000 0000 19 0000 00000000 00000000 2000 0008 00000000 000068fa 000013ac 0135 0000 05 c020 0e10 0013 0000 ff 000c 0000 00840058 005c005c 005e005e 7951 00000076
371  00000200 00 08 0000 0000 01800100 00000000 03000200 00000000 0000 19 0000 00000000 00000000 2000 0008 00000000 000068fa 000013ac 0135 0000 06 c020 0e10 0013 0000 ff 000c 0000 00840058 005c005c 005e005e 7951 0000008c
372  00000200 00 08 0000 0000 01800100 00000000 03000200 00000000 0000 19 0000 00000000 00000000 2000 0008 00000000 000068fa 000013ac 0135 0000 04 c020 0e10 0013 0000 ff 000c 0000 00840058 005c005c 005e005e 7951 00000280
373  00000200 00 08 0000 0000 01800100 00000000 03000200 00000000 0000 19 0000 00000000 00000000 2000 0008 00000000 000068fa 000013ac 0135 0000 05 c020 0e10 0013 0000 ff 000c 0000 00840058 005c005c 005e005e 7951 00000077
374  00000200 00 08 0000 0000 01800100 00000000 03000200 00000000 0000 19 0000 00000000 00000000 2000 0008 00000000 000068fa 000013ac 0135 0000 06 c020 0e10 0013 0000 ff 000c 0000 00840058 005c005c 005e005e 7951 0000008c
375  00000200 00 08 0000 0000 01800100 00000000 03000200 00000000 0000 19 0000 00000000 00000000 2000 0008 00000000 000068fa 000013ac 0135 0000 04 c020 0e10 0013 0000 ff 000c 0000 00840058 005c005c 005e005e 7951 00000280
376  00000200 00 08 0000 0000 01800100 00000000 03000200 00000000 0000 19 0000 00000000 00000000 2000 0008 00000000 000068fa 000013ac 0135 0000 05 c020 0e10 0013 0000 ff 000c 0000 00840058 005c005c 005e005e 7951 00000076
377  00000200 00 08 0000 0000 01800100 00000000 03000200 00000000 0000 19 0000 00000000 00000000 2000 0008 00000000 000068fa 000013ac 0135 0000 06 c020 0e10 0013 0000 ff 000c 0000 00840058 005c005c 005e005e 7951 0000008c
378  00000200 00 08 0000 0000 01800100 00000000 03000200 00000000 0000 19 0000 00000000 00000000 2000 0008 00000000 000068fa 000013ac 0135 0000 04 c020 0e10 0013 0000 ff 000c 0000 00840058 005c005c 005e005e 7951 00000280
379  00000200 00 08 0000 0000 01800100 00000000 03000200 00000000 0000 19 0000 00000000 00000000 2000 0008 00000000 000068fa 000013ac 0135 0000 05 c020 0e10 0013 0000 ff 000c 0000 00840058 005c005c 005e005e 7951 00000077
380  00000200 00 08 0000 0000 01800100 00000000 03000200 00000000 0000 19 0000 00000000 00000000 2000 0008 00000000 000068fa 000013ac 0135 0000 06 c020 0e10 0013 0000 ff 000c 0000 00840058 005c005c 005e005e 7951 0000008c
381  00000200 00 08 0000 0000 01800100 00000000 03000200 00000000 0000 19 0000 00000000 00000000 2000 0008 00000000 000068fa 000013ac 0135 0000 04 c020 0e10 0013 0000 ff 000c 0000 00840058 005c005c 005e005e 7951 00000280
382  00000200 00 08 0000 0000 01800100 00000000 03000200 00000000 0000 19 0000 00000000 00000000 2000 0008 00000000 000068fa 000013ac 0135 0000 05 c020 0e10 0013 0000 ff 000c 0000 00840058 005c005c 005e005e 7951 00000076
383  00000200 00 08 0000 0000 01800100 00000000 03000200 00000000 0000 19 0000 00000000 00000000 2000 0008 00000000 000068fa 000013ac 0135 0000 06 c020 0e10 0013 0000 ff 000c 0000 00840058 005c005c 005e005e 7951 0000008c
384  00000200 00 08 0000 0000 01800100 00000000 03000200 00000000 0000 19 0000 00000000 00000000 2000 0008 00000000 000068fa 000013ac 0135 0000 04 c020 0e10 0013 0000 ff 000c 0000 00840058 005c005c 005e005e 7951 00000281
385  00000200 00 08 0000 0000 01800100 00000000 03000200 00000000 0000 19 0000 00000000 00000000 2000 0008 00000000 000068fa 000013ac 0135 0000 05 c020 0e10 0013 0000 ff 000c 0000 00840058 005c005c 005e005e 7951 00000076
386  00000200 00 08 0000 0000 01800100 00000000 03000200 00000000 0000 19 0000 00000000 00000000 2000 0008 00000000 000068fa 000013ac 0135 0000 06 c020 0e10 0013 0000 ff 000c 0000 00840058 005c005c 005e005e 7951 0000008d
387  00000200 00 08 0000 0000 01800100 00000000 03000200 00000000 0000 19 0000 00000000 00000000 2000 0008 00000000 000068fa 000013ac 0135 0000 04 c020 0e10 0013 0000 ff 000c 0000 00840058 005c005c 005e005e 7951 0000027f
388  00000200 00 08 0000 0000 01800100 00000000 03000200 00000000 0000 19 0000 00000000 00000000 2000 0008 00000000 000068fa 000013ac 0135 0000 05 c020 0e10 0013 0000 ff 000c 0000 00840058 005c005c 005e005e 7951 00000077
389  00000200 00 08 0000 0000 01800100 00000000 03000200 00000000 0000 19 0000 00000000 00000000 2000 0008 00000000 000068fa 000013ac 0135 0000 06 c020 0e10 0013 0000 ff 000c 0000 00840058 005c005c 005e005e 7951 0000008c
390  00000200 00 08 0000 0000 01800100 00000000 03000200 00000000 0000 19 0000 00000000 00000000 2000 0008 00000000 000068fa 000013ac 0135 0000 04 c020 0e10 0013 0000 ff 000c 0000 00840058 005c005c 005e005e 7951 00000280
391  00000200 00 08 0000 0000 01800100 00000000 03000200 00000000 0000 19 0000 00000000 00000000 2000 0008 00000000 000068fa 000013ac 0135 0000 05 c020 0e10 0013 0000 ff 000c 0000 00840058 005c005c 005e005e 7951 00000076
392  00000200 00 08 0000 0000 01800100 00000000 03000200 00000000 0000 19 0000 00000000 00000000 2000 0008 00000000 000068fa 000013ac 0135 0000 06 c020 0e10 0013 0000 ff 000c 0000 00840058 005c005c 005e005e 7951 0000008c
393  00000200 00 08 0000 0000 01800100 00000000 03000200 00000000 0000 19 0000 00000000 00000000 2000 0008 00000000 000068fa 000013ac 0135 0000 04 c020 0e10 0013 0000 ff 000c 0000 00840058 005c005c 005e005e 7951 00000280
394  00000200 00 08 0000 0000 01800100 00000000 03000200 00000000 0000 19 0000 00000000 00000000 2000 0008 00000000 000068fa 000013ac 0135 0000 05 c020 0e10 0013 0000 ff 000c 0000 00840058 005c005c 005e005e 7951 00000076
395  00000200 00 08 0000 0000 01800100 00000000 03000200 00000000 0000 19 0000 00000000 00000000 2000 0008 00000000 000068fa 000013ac 0135 0000 06 c020 0e10 0013 0000 ff 000c 0000 00840058 005c005c 005e005e 7951 0000008d
396  00000200 00 08 0000 0000 01800100 00000000 03000200 00000000 0000 19 0000 00000000 00000000 2000 0008 00000000 000068fa 000013ac 0135 0000 04 c020 0e10 0013 0000 ff 000c 0000 00840058 005c005c 005e005e 7951 00000280
397  00000200 00 08 0000 0000 01800100 00000000 03000200 00000000 0000 19 0000 00000000 00000000 2000 0008 00000000 000068fa 000013ac 0135 0000 05 c020 0e10 0013 0000 ff 000c 0000 00840058 005c005c 005e005e 7951 00000076
398  00000200 00 08 0000 0000 01800100 00000000 03000200 00000000 0000 19 0000 00000000 00000000 2000 0008 00000000 000068fa 000013ac 0135 0000 06 c020 0e10 0013 0000 ff 000c 0000 00840058 005c005c 005e005e 7951 0000008c
399  00000200 00 08 0000 0000 01800100 00000000 03000200 00000000 0000 19 0000 00000000 00000000 2000 0008 00000000 000068fa 000013ac 0135 0000 04 c020 0e10 0013 0000 ff 000c 0000 00840058 005c005c 005e005e 7951 00000280
400  00000200 00 08 0000 0000 01800100 00000000 03000200 00000000 0000 19 0000 00000000 00000000 2000 0008 00000000 000068fa 000013ac 0135 0000 05 c020 0e10 0013 0000 ff 000c 0000 00840058 005c005c 005e005e 7951 00000077
401  00000200 00 08 0000 0000 01800100 00000000 03000200 00000000 0000 19 0000 00000000 00000000 2000 0008 00000000 000068fa 000013ac 0135 0000 06 c020 0e10 0013 0000 ff 000c 0000 00840058 005c005c 005e005e 7951 0000008c
402  00000200 00 08 0000 0000 01800100 00000000 03000200 00000000 0000 19 0000 00000000 00000000 2000 0008 00000000 000068fa 000013ac 0135 0000 04 c020 0e10 0013 0000 ff 000c 0000 00840058 005c005c 005e005e 7951 00000280
403  00000200 00 08 0000 0000 01800100 00000000 03000200 00000000 0000 19 0000 00000000 00000000 2000 0008 00000000 000068fa 000013ac 0135 0000 05 c020 0e10 0013 0000 ff 000c 0000 00840058 005c005c 005e005e 7951 00000076
404  00000200 00 08 0000 0000 01800100 00000000 03000200 00000000 0000 19 0000 00000000 00000000 2000 0008 00000000 000068fa 000013ac 0135 0000 06 c020 0e10 0013 0000 ff 000c 0000 00840058 005c005c 005e005e 7951 0000008c
405  00000200 00 08 0000 0000 01800100 00000000 03000200 00000000 0000 19 0000 00000000 00000000 2000 0008 00000000 000068fa 000013ac 0135 0000 04 c020 0e10 0013 0000 ff 000c 0000 00840058 005c005c 005e005e 7951 00000281
406  00000200 00 08 0000 0000 01800100 00000000 03000200 00000000 0000 19 0000 00000000 00000000 2000 0008 00000000 000068fa 000013ac 0135 0000 05 c020 0e10 0013 0000 ff 000c 0000 00840058 005c005c 005e005e 7951 00000076
407  00000200 00 08 0000 0000 01800100 00000000 03000200 00000000 0000 19 0000 00000000 00000000 2000 0008 00000000 000068fa 000013ac 0135 0000 06 c020 0e10 0013 0000 ff 000c 0000 00840058 005c005c 005e005e 7951 0000008c
408  00000200 00 08 0000 0000 01800100 00000000 03000200 00000000 0000 19 0000 00000000 00000000 2000 0008 00000000 000068fa 000013ac 0135 0000 04 c020 0e10 0013 0000 ff 000c 0000 00840058 005c005c 005e005e 7951 00000280
409  00000200 00 08 0000 0000 01800100 00000000 03000200 00000000 0000 19 0000 00000000 00000000 2000 0008 00000000 000068fa 000013ac 0135 0000 05 c020 0e10 0013 0000 ff 000c 0000 00840058 005c005c 005e005e 7951 00000076
410  00000200 00 08 0000 0000 01800100 00000000 03000200 00000000 0000 19 0000 00000000 00000000 2000 0008 00000000 000068fa 000013ac 0135 0000 06 c020 0e10 0013 0000 ff 000c 0000 00840058 005c005c 005e005e 7951 0000008d
411  00000200 00 08 0000 0000 01800100 00000000 03000200 00000000 0000 19 0000 00000000 00000000 2000 0008 00000000 000068fa 000013ac 0135 0000 04 c020 0e10 0013 0000 ff 000c 0000 00840058 005c005c 005e005e 7951 00000280
412  00000200 00 08 0000 0000 01800100 00000000 03000200 00000000 0000 19 0000 00000000 00000000 2000 0008 00000000 000068fa 000013ac 0135 0000 05 c020 0e10 0013 0000 ff 000c 0000 00840058 005c005c 005e005e 7951 00000076
413  00000200 00 08 0000 0000 01800100 00000000 03000200 00000000 0000 19 0000 00000000 00000000 2000 0008 00000000 000068fa 000013ac 0135 0000 06 c020 0e10 0013 0000 ff 000c 0000 00840058 005c005c 005e005e 7951 0000008c
414  00000200 00 08 0000 0000 01800100 00000000 03000200 00000000 0000 19 0000 00000000 00000000 2000 0008 00000000 000068fa 000013ac 0135 0000 04 c020 0e10 0013 0000 ff 000c 0000 00840058 005c005c 005e005e 7951 00000280
415  00000200 00 08 0000 0000 01800100 00000000 03000200 00000000 0000 19 0000 00000000 00000000 2000 0008 00000000 000068fa 000013ac 0135 0000 05 c020 0e10 0013 0000 ff 000c 0000 00840058 005c005c 005e005e 7951 00000076
416  00000200 00 08 0000 0000 01800100 00000000 03000200 00000000 0000 19 0000 00000000 00000000 2000 0008 00000000 000068fa 000013ac 0135 0000 06 c020 0e10 0013 0000 ff 000c 0000 00840058 005c005c 005e005e 7951 0000008d
417  00000200 00 08 0000 0000 01800100 00000000 03000200 00000000 0000 19 0000 00000000 00000000 2000 0008 00000000 000068fa 000013ac 0135 0000 04 c020 0e10 0013 0000 ff 000c 0000 00840058 005c005c 005e005e 7951 00000280
418  00000200 00 08 0000 0000 01800100 00000000 03000200 00000000 0000 19 0000 00000000 00000000 2000 0008 00000000 000068fa 000013ac 0135 0000 05 c020 0e10 0013 0000 ff 000c 0000 00840058 005c005c 005e005e 7951 00000076
419  00000200 00 08 0000 0000 01800100 00000000 03000200 00000000 0000 19 0000 00000000 00000000 2000 0008 00000000 000068fa 000013ac 0135 0000 06 c020 0e10 0013 0000 ff 000c 0000 00840058 005c005c 005e005e 7951 0000008c
420  00000200 00 08 0000 0000 01800100 00000000 03000200 00000000 0000 19 0000 00000000 00000000 2000 0008 00000000 000068fa 000013ac 0135 0000 04 c020 0e10 0013 0000 ff 000c 0000 00840058 005c005c 005e005e 7951 00000280
421  00000200 00 08 0000 0000 01800100 00000000 03000200 00000000 0000 19 0000 00000000 00000000 2000 0008 00000000 000068fa 000013ac 0135 0000 05 c020 0e10 0013 0000 ff 000c 0000 00840058 005c005c 005e005e 7951 00000077
422  00000200 00 08 0000 0000 01800100 00000000 03000200 00000000 0000 19 0000 00000000 00000000 2000 0008 00000000 000068fa 000013ac 0135 0000 06 c020 0e10 0013 0000 ff 000c 0000 00840058 005c005c 005e005e 7951 0000008b
423  00000200 00 08 0000 0000 01800100 00000000 03000200 00000000 0000 19 0000 00000000 00000000 2000 0008 00000000 000068fa 000013ac 0135 0000 04 c020 0e10 0013 0000 ff 000c 0000 00840058 005c005c 005e005e 7951 00000281
424  00000200 00 08 0000 0000 01800100 00000000 03000200 00000000 0000 19 0000 00000000 00000000 2000 0008 00000000 000068fa 000013ac 0135 0000 05 c020 0e10 0013 0000 ff 000c 0000 00840058 005c005c 005e005e 7951 00000076
425  00000200 00 08 0000 0000 01800100 00000000 03000200 00000000 0000 19 0000 00000000 00000000 2000 0008 00000000 000068fa 000013ac 0135 0000 06 c020 0e10 0013 0000 ff 000c 0000 00840058 005c005c 005e005e 7951 0000008c
426  00000200 00 08 0000 0000 01800100 00000000 03000200 00000000 0000 19 0000 00000000 00000000 2000 0008 00000000 000068fa 000013ac 0135 0000 04 c020 0e10 0013 0000 ff 000c 0000 00840058 005c005c 005e005e 7951 00000281
427  00000200 00 08 0000 0000 01800100 00000000 03000200 00000000 0000 19 0000 00000000 00000000 2000 0008 00000000 000068fa 000013ac 0135 0000 05 c020 0e10 0013 0000 ff 000c 0000 00840058 005c005c 005e005e 7951 00000076
428  00000200 00 08 0000 0000 01800100 00000000 03000200 00000000 0000 19 0000 00000000 00000000 2000 0008 00000000 000068fa 000013ac 0135 0000 06 c020 0e10 0013 0000 ff 000c 0000 00840058 005c005c 005e005e 7951 0000008c
429  00000200 00 08 0000 0000 01800100 00000000 03000200 00000000 0000 19 0000 00000000 00000000 2000 0008 00000000 000068fa 000013ac 0135 0000 04 c020 0e10 0013 0000 ff 000c 0000 00840058 005c005c 005e005e 7951 00000280
430  00000200 00 08 0000 0000 01800100 00000000 03000200 00000000 0000 19 0000 00000000 00000000 2000 0008 00000000 000068fa 000013ac 0135 0000 05 c020 0e10 0013 0000 ff 000c 0000 00840058 005c005c 005e005e 7951 00000076
431  00000200 00 08 0000 0000 01800100 00000000 03000200 00000000 0000 19 0000 00000000 00000000 2000 0008 00000000 000068fa 000013ac 0135 0000 06 c020 0e10 0013 0000 ff 000c 0000 00840058 005c005c 005e005e 7951 0000008c
432  00000200 00 08 0000 0000 01800100 00000000 03000200 00000000 0000 19 0000 00000000 00000000 2000 0008 00000000 000068fa 000013ac 0135 0000 04 c020 0e10 0013 0000 ff 000c 0000 00840058 005c005c 005e005e 7951 00000281
433  00000200 00 08 0000 0000 01800100 00000000 03000200 00000000 0000 19 0000 00000000 00000000 2000 0008 00000000 000068fa 000013ac 0135 0000 05 c020 0e10 0013 0000 ff 000c 0000 00840058 005c005c 005e005e 7951 00000076
434  00000200 00 08 0000 0000 01800100 00000000 03000200 00000000 0000 19 0000 00000000 00000000 2000 0008 00000000 000068fa 000013ac 0135 0000 06 c020 0e10 0013 0000 ff 000c 0000 00840058 005c005c 005e005e 7951 0000008c
435  00000200 00 08 0000 0000 01800100 00000000 03000200 00000000 0000 19 0000 00000000 00000000 2000 0008 00000000 000068fa 000013ac 0135 0000 04 c020 0e10 0013 0000 ff 000c 0000 00840058 005c005c 005e005e 7951 00000280
436  00000200 00 08 0000 0000 01800100 00000000 03000200 00000000 0000 19 0000 00000000 00000000 2000 0008 00000000 000068fa 000013ac 0135 0000 05 c020 0e10 0013 0000 ff 000c 0000 00840058 005c005c 005e005e 7951 00000076
437  00000200 00 08 0000 0000 01800100 00000000 03000200 00000000 0000 19 0000 00000000 00000000 2000 0008 00000000 000068fa 000013ac 0135 0000 06 c020 0e10 0013 0000 ff 000c 0000 00840058 005c005c 005e005e 7951 0000008c
438  00000200 00 08 0000 0000 01800100 00000000 03000200 00000000 0000 19 0000 00000000 00000000 2000 0008 00000000 000068fa 000013ac 0135 0000 04 c020 0e10 0013 0000 ff 000c 0000 00840058 005c005c 005e005e 7951 00000281
439  00000200 00 08 0000 0000 01800100 00000000 03000200 00000000 0000 19 0000 00000000 00000000 2000 0008 00000000 000068fa 000013ac 0135 0000 05 c020 0e10 0013 0000 ff 000c 0000 00840058 005c005c 005e005e 7951 00000076
440  00000200 00 08 0000 0000 01800100 00000000 03000200 00000000 0000 19 0000 00000000 00000000 2000 0008 00000000 000068fa 000013ac 0135 0000 06 c020 0e10 0013 0000 ff 000c 0000 00840058 005c005c 005e005e 7951 0000008c
441  00000200 00 08 0000 0000 01800100 00000000 03000200 00000000 0000 19 0000 00000000 00000000 2000 0008 00000000 000068fa 000013ac 0135 0000 04 c020 0e10 0013 0000 ff 000c 0000 00840058 005c005c 005e005e 7951 00000280
442  00000200 00 08 0000 0000 01800100 00000000 03000200 00000000 0000 19 0000 00000000 00000000 2000 0008 00000000 000068fa 000013ac 0135 0000 05 c020 0e10 0013 0000 ff 000c 0000 00840058 005c005c 005e005e 7951 00000077
443  00000200 00 08 0000 0000 01800100 00000000 03000200 00000000 0000 19 0000 00000000 00000000 2000 0008 00000000 000068fa 000013ac 0135 0000 06 c020 0e10 0013 0000 ff 000c 0000 00840058 005c005c 005e005e 7951 0000008c
444  00000200 00 08 0000 0000 01800100 00000000 03000200 00000000 0000 19 0000 00000000 00000000 2000 0008 00000000 000068fa 000013ac 0135 0000 04 c020 0e10 0013 0000 ff 000c 0000 00840058 005c005c 005e005e 7951 00000280
445  00000200 00 08 0000 0000 01800100 00000000 03000200 00000000 0000 19 0000 00000000 00000000 2000 0008 00000000 000068fa 000013ac 0135 0000 05 c020 0e10 0013 0000 ff 000c 0000 00840058 005c005c 005e005e 7951 00000076
446  00000200 00 08 0000 0000 01800100 00000000 03000200 00000000 0000 19 0000 00000000 00000000 2000 0008 00000000 000068fa 000013ac 0135 0000 06 c020 0e10 0013 0000 ff 000c 0000 00840058 005c005c 005e005e 7951 0000008d
447  00000200 00 08 0000 0000 01800100 00000000 03000200 00000000 0000 19 0000 00000000 00000000 2000 0008 00000000 000068fa 000013ac 0135 0000 04 c020 0e10 0013 0000 ff 000c 0000 00840058 005c005c 005e005e 7951 00000280
448  00000200 00 08 0000 0000 01800100 00000000 03000200 00000000 0000 19 0000 00000000 00000000 2000 0008 00000000 000068fa 000013ac 0135 0000 05 c020 0e10 0013 0000 ff 000c 0000 00840058 005c005c 005e005e 7951 00000076
449  00000200 00 08 0000 0000 01800100 00000000 03000200 00000000 0000 19 0000 00000000 00000000 2000 0008 00000000 000068fa 000013ac 0135 0000 06 c020 0e10 0013 0000 ff 000c 0000 00840058 005c005c 005e005e 7951 0000008c
