Video: LI="625": 0
size of sample is 4608 d00a00
Started Play 5
Finished!
  0  4001 0000 0000 0002 0042a36c 00000000 6405 64ff 00 00062e10
  1  4004 0000 2800 0002 0042a36c 00000000 6405 64ff 00 00000266
  2  4004 0000 2800 0002 0042a36c 00000000 6405 6405 00 0000105a
  3  4005 0000 3200 0002 0042a36c 00000000 6405 6405 00 00000261
  4  4004 0000 2800 0002 0042a36c 00000000 6405 6405 00 000012b7
  5  4005 0000 3200 0002 0042a36c 00000000 6405 6405 00 000012cc
  6  4004 0000 2800 0002 0042a36c 00000000 6405 6405 00 000012c1
  7  4005 0000 3200 0002 0042a36c 00000000 6405 6405 00 000012b6
  8  4004 0000 2800 0002 0042a36c 00000000 6405 6405 00 000012c7
  9  4005 0000 3200 0002 0042a36c 00000000 6405 6405 00 000012c2
 10  4004 0000 2800 0002 0042a36c 00000000 6405 6405 00 000012c1
 11  4005 0000 3200 0002 0042a36c 00000000 6405 6405 00 000012bf
 12  4005 0000 3200 0002 0042a36c 00000000 6405 6405 01 000004f5
 13  4005 0000 3200 0000 0042a36c 0042b73c 0004 0004 01 000009de
 14  4001 2800 2800 0000 0042a36c 0042b73c 00ff 00ff 01 00000457
 15  4000 2800 2800 0000 0042a36c 0042b73c 00ff 00ff 01 00001257
 16  4001 2001 3200 0000 0042a36c 0042b73c 00ff 00ff 01 000012ca
 17  4000 2001 3200 0000 0042a36c 0042b73c 00ff 00ff 01 000012ff
 18  4000 2001 3200 0002 0042a36c 0042b73c 6405 00ff 01 00001012
 19  4004 2001 2800 0002 0042a36c 0042b73c 6405 00ff 01 00000266
 20  4004 2001 2800 0002 0042a36c 0042b73c 6405 6405 01 0000105a
 21  4005 2001 3200 0002 0042a36c 0042b73c 6405 6405 01 00000261
 22  4004 2001 2800 0002 0042a36c 0042b73c 6405 6405 01 000012c3
 23  4005 2001 3200 0002 0042a36c 0042b73c 6405 6405 01 000012c0
 24  4004 2001 2800 0002 0042a36c 0042b73c 6405 6405 01 000012be
 25  4004 2001 2800 0002 0042a36c 0042b73c 6405 6405 02 00000c3d
 26  4005 2001 3200 0000 0042a36c 0042b73c 6405 6405 02 00000682
 27  4005 2001 3200 0000 0042a36c 0042b73c 0004 0004 02 000002f3
 28  4001 2001 3200 0000 0042a36c 0042b73c 0004 0004 02 00000fd1
 29  4000 2001 3200 0000 0042a36c 0042b73c 0004 0004 02 000012bf
 30  4000 2800 2800 0000 0042a36c 0042b73c 00ff 00ff 02 00000324
 31  4001 2800 2800 0000 0042a36c 0042b73c 00ff 00ff 02 00000f9c
 32  4000 2800 2800 0000 0042a36c 0042b73c 00ff 00ff 02 000012be
 33  4000 2001 3200 0000 0042a36c 0042b73c 00ff 00ff 02 000002bc
 34  4001 2001 3200 0000 0042a36c 0042b73c 00ff 00ff 02 00001062
 35  4001 2001 3200 0002 0042a36c 0042b73c 6405 00ff 02 00001003
 36  4004 2001 2800 0002 0042a36c 0042b73c 6405 00ff 02 00000260
 37  4004 2001 2800 0002 0042a36c 0042b73c 6405 6405 02 00001068
 38  4005 2001 3200 0002 0042a36c 0042b73c 6405 6405 02 0000025a
 39  4004 2001 2800 0002 0042a36c 0042b73c 6405 6405 02 000012d5
 40  4005 2001 3200 0002 0042a36c 0042b73c 6405 6405 02 000012a9
 41  4005 2001 3200 0002 0042a36c 0042b73c 6405 6405 03 000000e1
 42  4005 2001 3200 0000 0042a36c 0042b73c 0004 0004 03 00000aa4
 43  4000 2800 2800 0000 0042a36c 0042b73c 00ff 00ff 03 000007a8
 44  4001 2800 2800 0000 0042a36c 0042b73c 00ff 00ff 03 0000125f
 45  4000 2001 3200 0000 0042a36c 0042b73c 00ff 00ff 03 000012bd
 46  4001 2001 3200 0000 0042a36c 0042b73c 00ff 00ff 03 00001302
 47  4001 2001 3200 0002 0042a36c 0042b73c 6405 00ff 03 00001013
 48  4004 2001 2800 0002 0042a36c 0042b73c 6405 00ff 03 00000263
 49  4004 2001 2800 0002 0042a36c 0042b73c 6405 6405 03 0000105e
 50  4005 2001 3200 0002 0042a36c 0042b73c 6405 6405 03 0000025e
 51  4004 2001 2800 0002 0042a36c 0042b73c 6405 6405 03 000012c6
 52  4005 2001 3200 0002 0042a36c 0042b73c 6405 6405 03 000012bf
 53  4004 2001 2800 0002 0042a36c 0042b73c 6405 6405 03 000012b3
 54  4004 2001 2800 0002 0042a36c 0042b73c 6405 6405 04 00000844
 55  4004 2001 3200 0000 0042a36c 0042b73c 0004 0004 04 00000a29
 56  4001 2800 2800 0000 0042a36c 0042b73c 00ff 00ff 04 000000cb
 57  4000 2800 2800 0000 0042a36c 0042b73c 00ff 00ff 04 00001255
 58  4001 2001 3200 0000 0042a36c 0042b73c 00ff 00ff 04 000012b9
 59  4000 2001 3200 0000 0042a36c 0042b73c 00ff 00ff 04 0000130f
 60  4000 2001 3200 0002 0042a36c 0042b73c 00ff 6405 04 00001013
 61  4005 2001 3200 0002 0042a36c 0042b73c 00ff 6405 04 00000263
 62  4005 2001 3200 0002 0042a36c 0042b73c 6405 6405 04 0000105c
 63  4004 2001 2800 0002 0042a36c 0042b73c 6405 6405 04 0000025d
 64  4005 2001 3200 0002 0042a36c 0042b73c 6405 6405 04 000012c9
 65  4004 2001 2800 0002 0042a36c 0042b73c 6405 6405 04 000012c0
 66  4005 2001 3200 0002 0042a36c 0042b73c 6405 6405 04 000012b9
